0 0.1284427805470962 0.2176609401406021 0.19193068428213364 0.21557826781952502 0.2458786067147219 0.2138315103880203 0.24990958472959754 0.26321099928404756 0.13247375856197185 0.26704042903185576 0.1284427805470962 0.2176609401406021
0 0.24990958472959754 0.26321099928404756 0.25071578033245334 0.2731540800373486 0.2611963231713687 0.40100328733129226 0.18998237824150102 0.40335469156784615 0.14369331403663949 0.404832717083874 0.13327995416482766 0.276849143832192 0.13247375856197185 0.26704042903185576 0.24990958472959754 0.26321099928404756
0 0.7052085515140095 0.35558759414558516 0.7335597635517495 0.35471421543460646 0.7424279151849533 0.35444548351912963 0.7414873536478904 0.3420838155551792 0.7545208492295803 0.34174790066083316 0.7741382755689202 0.3411432538605576 0.791605846966317 0.34060579003437763 0.7950993612461543 0.3864917640673955 0.7076943212896805 0.3891119002098789 0.7052085515140095 0.35558759414558516
0 0.310777352754757 0.13690700048500104 0.30721665550841276 0.0890727200886445 0.37923679604113625 0.08699004776756743 0.3794383449424469 0.09001328178326606 0.38279749328807716 0.13482432816392395 0.310777352754757 0.13690700048500104
0 0.42451811574242804 0.2767147778792272 0.5144761084416763 0.2750352034265917 0.5166259633830229 0.32078681150187116 0.4981506474814598 0.3211899093703127 0.4759130854322418 0.32159300723875434 0.4573034035970683 0.3219289221283267 0.45676593986143327 0.3097688030962102 0.42613050694813964 0.31037344989648574 0.42451811574242804 0.2767147778792272
0 0.4798768804806106 0.1322713749955361 0.47678646400220115 0.08463864353578716 0.5488737875020282 0.08282470312541325 0.5519642039804377 0.1303902516110666 0.4798768804806106 0.1322713749955361
0 0.6217673066053078 0.1197753410738472 0.6192815368290401 0.08094357974094377 0.6187440730940018 0.07261289045663542 0.6894205542888312 0.07079895005103513 0.692510970766644 0.11796140066347328 0.6217673066053078 0.1197753410738472
0 0.4086629355501462 0.3107093647860581 0.42613050694813964 0.31037344989648574 0.45676593986143327 0.3097688030962102 0.4573034035970683 0.3219289221283267 0.4759130854322418 0.32159300723875434 0.4981506474814598 0.3211899093703127 0.5000989535214957 0.36149969621924405 0.48041434421564894 0.36190279408768566 0.4592517096371042 0.3623058919561272 0.44306061461109475 0.3625746238668304 0.4424559679083562 0.3505488707924523 0.41061124159077883 0.35115351759272784 0.4086629355501462 0.3107093647860581
0 0.6865988696782392 0.3561250579717652 0.6835756361669333 0.31574808814396466 0.7135392394109816 0.3148747094282123 0.7304693470739367 0.3143372456020323 0.7295287855368738 0.3019755776380818 0.7524381772553372 0.3013037478541634 0.7711150420576143 0.30076628403275707 0.7741382755689202 0.3411432538605576 0.7545208492295803 0.34174790066083316 0.7414873536478904 0.3420838155551792 0.7424279151849533 0.35444548351912963 0.7335597635517495 0.35471421543460646 0.7052085515140095 0.35558759414558516 0.6865988696782392 0.3561250579717652
0 1.0 0.061316105867120066 1.0 0.17496814143461542 0.9684985988541044 0.17580594479677367 0.9347727494629979 0.1767465064866216 0.9308089544146292 0.11876759640035643 0.9269795253004675 0.06334163948247915 1.0 0.061316105867120066
0 0.692510970766644 0.11796140066347328 0.6894205542888312 0.07079895005103513 0.7607688651523093 0.06891782666179203 0.7637920986636152 0.1160802772790038 0.692510970766644 0.11796140066347328
0 0.39193437678850174 0.3514894324823002 0.41061124159077883 0.35115351759272784 0.4424559679083562 0.3505488707924523 0.44306061461109475 0.3625746238668304 0.4592517096371042 0.3623058919561272 0.48041434421564894 0.36190279408768566 0.48209391838846405 0.3959645639781594 0.39408423172984836 0.3976441384307949 0.39193437678850174 0.3514894324823002
0 0.1676104502586726 0.1338837664693024 0.1640497530123284 0.08578075416224269 0.23660735728068688 0.0836308988622964 0.23714482101572518 0.09115539240972159 0.2401680545270311 0.1317339111693561 0.1676104502586726 0.1338837664693024
0 1.0 0.26140231801420083 1.0 0.3807744732175954 0.9147522253222301 0.3830654321832553 0.9066230863253752 0.2629422673685708 1.0 0.26140231801420083
0 0.6632191971918411 0.31635273494901384 0.6597256829120037 0.27026521197938835 0.7498852245125628 0.26751070987916653 0.7524381772553372 0.3013037478541634 0.7295287855368738 0.3019755776380818 0.7304693470739367 0.3143372456020323 0.7135392394109816 0.3148747094282123 0.6835756361669333 0.31574808814396466 0.6632191971918411 0.31635273494901384
0 0.6223719533074495 0.12857631120069268 0.5519642039804377 0.1303902516110666 0.5488737875020282 0.08282470312541325 0.6192815368290401 0.08094357974094377 0.6217673066053078 0.1197753410738472 0.6223719533074495 0.12857631120069268
0 0.2407055182626661 0.13898967280607813 0.2401680545270311 0.1317339111693561 0.23714482101572518 0.09115539240972159 0.30721665550841276 0.0890727200886445 0.310777352754757 0.13690700048500104 0.2407055182626661 0.13898967280607813
0 1.0 0.17496814143461542 1.0 0.2245589575151195 0.9719249301668382 0.22531979964099208 0.9705140878618406 0.20516490621891323 0.9684985988541044 0.17580594479677367 1.0 0.17496814143461542
0 0.9271810742011815 0.4629459931278776 0.9150209571894509 0.46328190801745 0.9122664555459625 0.41941142332664005 1.0 0.4172325361513039 1.0 0.4611173925658269 0.9271810742011815 0.4629459931278776
1 0.9226798154177743 0.17708242137619395 0.9246953044255105 0.20644138280310717 0.8948660671150727 0.20724757853999032 0.8928505781079331 0.17788861711307713 0.9226798154177743 0.17708242137619395
1 0.8928505781079331 0.17788861711307713 0.8948660671150727 0.20724757853999032 0.8649696468381279 0.20805377427687347 0.8629541578303918 0.1786948128547339 0.8928505781079331 0.17788861711307713
1 0.8629541578303918 0.1786948128547339 0.8649696468381279 0.20805377427687347 0.8366856177668948 0.2088599700137566 0.8346701287591586 0.17950100859161708 0.8629541578303918 0.1786948128547339