0 0.1045434705991958 0.9307669402606522 0.10095590010357748 0.8890463170810045 0.13453394755099715 0.8878773334370353 0.13477580623605478 0.8905377789726722 0.13663005615494936 0.9121841312867861 0.1381215180466155 0.9295979566138188 0.1045434705991958 0.9307669402606522
0 0.07088480358985155 0.9317746847822042 0.06757940156025315 0.890013751821236 0.10095590010357748 0.8890463170810045 0.1045434705991958 0.9307669402606522 0.07088480358985155 0.9317746847822042
0 0.03706489745737424 0.9328227390822122 0.03379980520873811 0.8911021159025645 0.06757940156025315 0.890013751821236 0.07088480358985155 0.9317746847822042 0.03706489745737424 0.9328227390822122
0 0.22224803067895793 0.8820324152114613 0.22248988936401556 0.8855796759275532 0.24296725803521238 0.8850153389947967 0.24558739379060018 0.9230274623359352 0.23921844841646098 0.9231887014612167 0.23937968753959407 0.9253654296267377 0.2160806342089141 0.9260103861192708 0.215919395085423 0.9236321090500121 0.2092682812452639 0.9238336579537497 0.2064062868051765 0.8824758228031209 0.22224803067895793 0.8820324152114613
0 0.2950474948924055 0.8800572359525419 0.2952490437968589 0.88364480644709 0.31649229830419096 0.8831610890769742 0.3177822112914037 0.9050493000790102 0.31874964603199224 0.9207701146077735 0.3120582224108709 0.9209313537330549 0.3121791517533997 0.9235514894873714 0.28819483214815106 0.9241561362014483 0.28807390280562223 0.921697239569549 0.28170495743148305 0.9218584786919661 0.27920575101898215 0.8804200239786967 0.2950474948924055 0.8800572359525419
0 0.8679301003218881 0.8756634698373152 0.8708324045429378 0.915610462658917 0.8712758121324488 0.9232290112396728 0.8407613080295698 0.9241561362014483 0.8373752864380469 0.8765099752364499 0.8679301003218881 0.8756634698373152
0 0.1903629940269417 0.8864664911051441 0.19012113534188407 0.8829192303919163 0.2064062868051765 0.8824758228031209 0.2092682812452639 0.9238336579537497 0.20253654784353825 0.9239948970761669 0.20269778696702936 0.9266956523931241 0.17899563582744263 0.9273406088885213 0.17879408692334725 0.9247204731313405 0.17202204374065935 0.9249220220350781 0.1710546090004288 0.911015147642817 0.1694019079856296 0.8870308280379006 0.1903629940269417 0.8864664911051441
0 0.2633640071452007 0.8844510020649043 0.26312214845978504 0.8809037413488124 0.27920575101898215 0.8804200239786967 0.28170495743148305 0.9218584786919661 0.274610436002171 0.9220600275957037 0.27481198490626635 0.9244786144462827 0.25135169245209527 0.9251235709416799 0.2511904533286042 0.9228662232135181 0.24558739379060018 0.9230274623359352 0.24296725803521238 0.8850153389947967 0.2633640071452007 0.8844510020649043
0 0.8373752864380469 0.8765099752364499 0.8407613080295698 0.9241561362014483 0.8096824669946511 0.9250429513790391 0.8062964454034861 0.8773967904140408 0.8373752864380469 0.8765099752364499
0 0.643606169895843 0.8941253494672203 0.6467906425829126 0.9429001842948674 0.6116405136826183 0.9438273092537787 0.6113180354356361 0.9384257986198642 0.6084560409955486 0.8950524744261316 0.643606169895843 0.8941253494672203
0 0.9972841870671691 0.9687387538204705 0.9953896273673123 0.9372971247572154 1.0 0.9371563898110451 1.0 0.9686599307531003 0.9972841870671691 0.9687387538204705
0 0.8256451402109614 0.8025012175972767 0.8255242108684325 0.8006066578981338 0.8234281022644804 0.7645294040374584 0.8233071729219515 0.7624736052130342 0.8576914159861107 0.761667409598084 0.8585379213841704 0.7765820285118971 0.8600293832754785 0.8016950219794623 0.8256451402109614 0.8025012175972767
0 0.6781516520838513 0.8932385342896294 0.6808927171814099 0.9354025650580726 0.6813361247709209 0.9420133691172765 0.6467906425829126 0.9429001842948674 0.643606169895843 0.8941253494672203 0.6781516520838513 0.8932385342896294
0 0.28218867480159837 0.7955276255090538 0.28081814225281904 0.7756549035529858 0.3656702309403344 0.7733572460435038 0.36696014392754717 0.7927865604136404 0.3683709862572887 0.8131833095211445 0.28355920735037765 0.8156018963745876 0.28218867480159837 0.7955276255090538
0 0.7427279210042651 0.8854587465864563 0.7458720839103724 0.9337498640411235 0.6808927171814099 0.9354025650580726 0.6781516520838513 0.8932385342896294 0.6777485542753026 0.8871517573818616 0.7427279210042651 0.8854587465864563
0 0.40581877266634664 0.8764696654551296 0.4060606313514043 0.8800572359525419 0.42806977169487154 0.879452589238465 0.42815039125679605 0.8805812631011138 0.42964185314810416 0.9020260665143544 0.430649597669297 0.9185530766609321 0.3909041537521915 0.9196011309638044 0.3880421593117461 0.8769533828252454 0.40581877266634664 0.8764696654551296
0 0.7913012069274065 0.801412853513084 0.7892050983234543 0.7652952898739525 0.8234281022644804 0.7645294040374584 0.8255242108684325 0.8006066578981338 0.7913012069274065 0.801412853513084
0 0.8062964454034861 0.8773967904140408 0.8096824669946511 0.9250429513790391 0.7786439357410526 0.9258894567781739 0.775298223930492 0.8782836055944959 0.8062964454034861 0.8773967904140408
0 0.37191824697194475 0.8773967904140408 0.3880421593117461 0.8769533828252454 0.3909041537521915 0.9196011309638044 0.38393056166505024 0.9197623700890858 0.3840918007885413 0.9223825058434023 0.3602284105258215 0.9230274623359352 0.3600671714023304 0.9203267070189781 0.35337574778156705 0.9205282559227156 0.35228738369844964 0.9042431044611958 0.3508362315877458 0.8823952032404802 0.37220041543796467 0.8818308663077237 0.37191824697194475 0.8773967904140408
0 0.5765306945629282 0.889892822477275 0.6081335627485664 0.8896912735735374 0.6084560409955486 0.8950524744261316 0.6113180354356361 0.9384257986198642 0.5456130926515006 0.9401591191965898 0.5424286199644309 0.8913842843689427 0.5765306945629282 0.889892822477275
0 0.9925679427078292 0.896261767851421 0.9906733830079724 0.8759456383036934 1.0 0.8756488485824605 1.0 0.8960130489745488 0.9925679427078292 0.896261767851421
0 0.16525000055797143 0.7976640438961187 0.16383915822822986 0.7791618544848933 0.24776412195647693 0.7766223382932175 0.24941682297127613 0.7964547504708293 0.25078735552005543 0.8164887115521785 0.16686239179180834 0.8189879179653982 0.16525000055797143 0.7976640438961187
0 0.9938175459140797 0.9166988267431097 0.9925679427078292 0.896261767851421 1.0 0.8960130489745488 1.0 0.9165101028767819 0.9938175459140797 0.9166988267431097
0 0.9953896273673123 0.9372971247572154 0.9938175459140797 0.9166988267431097 1.0 0.9165101028767819 1.0 0.9371563898110451 0.9953896273673123 0.9372971247572154
0 0.39932889794967863 0.7918997452331853 0.39795836540054136 0.77263166998833 0.4719268132590309 0.7705758711639058 0.4827701443074524 0.7702937026975276 0.485067801815858 0.8097972879303339 0.4006994304984579 0.8122964943435536 0.39932889794967863 0.7918997452331853
0 0.9465744827587553 0.7672301593544156 0.9489124500481232 0.7987524079774472 0.9119080712285763 0.7998407720616397 0.9106181582413635 0.7821850880495491 0.9095701039392085 0.768318523435744 0.9465744827587553 0.7672301593544156
0 0.631956643230324 0.7493729264385873 0.6509022402296085 0.7489295188497919 0.6507006913255131 0.7450597798860014 0.7531278444631756 0.7426815028167427 0.753329393367629 0.7462287635328347 0.7709044578177762 0.7457853559411751 0.7720331316814978 0.7656983876814275 0.7892050983234543 0.7652952898739525 0.7913012069274065 0.801412853513084 0.7667525503904761 0.8019771904458405 0.7664703819244562 0.7976237341147984 0.6678323481861492 0.7999213916242804 0.6675098699395251 0.7944795712090457 0.6492898489957716 0.7948826690165208 0.6494913978998669 0.797946212362497 0.6347783278898071 0.7983090003886517 0.631956643230324 0.7493729264385873
0 0.5176381047420848 0.7980268319222734 0.516912528686912 0.7862966856955333 0.5496037609556677 0.7854501802992628 0.547306103447262 0.7489295188497919 0.5703229883119221 0.7483651819170354 0.5939848296705466 0.7477605352029586 0.5951135035342682 0.761546480254123 0.5972096121385784 0.7998004622803194 0.573547770779954 0.8004051089943962 0.5646393092123516 0.8006066578981338 0.5457340219940293 0.8010903752682496 0.5178799634271425 0.8017756415421029 0.5176381047420848 0.7980268319222734
0 0.01114570837130649 0.9725278732187561 0.013425055134647638 1.0 0.0 1.0 0.0 0.9728966373725201 0.01114570837130649 0.9725278732187561
0 0.6627229091068575 1.0 0.6015110390161282 1.0 0.6011599706617832 0.9943354646581514 0.6622695984291076 0.9928036929880275 0.6627229091068575 1.0
0 0.08671910063216942 1.0 0.026343923908625413 1.0 0.026342495751481534 0.9999788339771237 0.08660561812110416 0.9983261329630387 0.08671910063216942 1.0
0 0.1394114310334702 0.9606767976509192 0.1405401048975499 0.9745030524805396 0.14150753963778043 0.9864750573923377 0.09406292757836074 0.9880068290653257 0.09196681897405051 0.962208569321043 0.1394114310334702 0.9606767976509192
0 0.971445617542668 0.7665045832992419 0.9737835848320359 0.7980268319222734 0.9489124500481232 0.7987524079774472 0.9465744827587553 0.7672301593544156 0.971445617542668 0.7665045832992419
0 0.16742672872384817 0.9597496726891437 0.16855540258756985 0.9736162373029488 0.1405401048975499 0.9745030524805396 0.1394114310334702 0.9606767976509192 0.16742672872384817 0.9597496726891437
0 0.9906733830079724 0.8759456383036934 0.9891819211163062 0.8574031391140119 1.0 0.8570588883929555 1.0 0.8756488485824605 0.9906733830079724 0.8759456383036934
0 0.9078770931434469 0.7451807092299624 0.9448411621823896 0.7440520353644494 0.9465744827587553 0.7672301593544156 0.9095701039392085 0.768318523435744 0.9078770931434469 0.7451807092299624