0 0.2043654308468759 0.32942829666846396 0.31756873009891196 0.3271440754107902 0.3199201339409725 0.3731644154013268 0.32233872074953984 0.4191847553870897 0.23103706871180074 0.42106587877155016 0.20913542149750378 0.42146897663998983 0.2043654308468759 0.32942829666846396
0 0.23103706871180074 0.42106587877155016 0.32233872074953984 0.4191847553870897 0.3453824784016137 0.41931912134482746 0.348338528945816 0.4680267804519302 0.3510258476227976 0.5120988140743638 0.23627734013155677 0.514853316179346 0.23103706871180074 0.42106587877155016
0 0.0 0.5862056587591545 0.0 0.5482014693124634 0.002614981200589094 0.586134455923843 0.0 0.5862056587591545
0 0.23627734013155677 0.514853316179346 0.3510258476227976 0.5120988140743638 0.35378034926628604 0.5575816902387228 0.3566692168433848 0.6062893493505993 0.29949651199877675 0.6077001918877513 0.24655633406975822 0.6089766684719391 0.24198789231924756 0.609043851450808 0.23627734013155677 0.514853316179346
0 0.1920627715935593 0.0 0.28299427603527216 0.0 0.2831038680714566 0.0013738146849455299 0.19240686273585933 0.004262682742891981 0.1920627715935593 0.0
0 0.24548140659908493 0.08844295428223144 0.2429956368228173 0.0799107160613562 0.2939875087117999 0.07386424803476141 0.35015246905283826 0.06714595022902509 0.35451936190203825 0.09838603503548499 0.2608663060222386 0.10960559237770001 0.25206533735673503 0.11068052002528121 0.24548140659908493 0.08844295428223144
0 0.7393433963923347 0.3559655730113858 0.7333641123368265 0.2864311906936116 0.7893275237771509 0.28448288433028224 0.7897306215785788 0.2889169608831184 0.7928210380563916 0.32499422011085416 0.7953068078326592 0.3540172666432828 0.7393433963923347 0.3559655730113858
0 0.47806883805937933 0.3506581177428014 0.4802186930001292 0.35059093476393255 0.544176877503698 0.34918009222200697 0.5449158901394503 0.3628854197537288 0.5467298302464726 0.3954019811443765 0.4806217908021538 0.39681282368630216 0.47806883805937933 0.3506581177428014
0 0.4549642936130273 0.0 0.5453870489200353 0.0 0.5454533538750853 0.001105082769470003 0.5478047577171459 0.0404071249494966 0.5479391236507563 0.04255698024943263 0.4577123990836904 0.044774018523463896 0.4549642936130273 0.0
0 0.6832456190178032 0.3576451474640133 0.6777366157308264 0.28804358216737025 0.7333641123368265 0.2864311906936116 0.7393433963923347 0.3559655730113858 0.6832456190178032 0.3576451474640133
0 0.6268791097760509 0.359391904890736 0.6214372894561776 0.2898575225729619 0.6777366157308264 0.28804358216737025 0.6832456190178032 0.3576451474640133 0.6268791097760509 0.359391904890736
0 0.12838149526578357 0.12512486031501346 0.17923900122055908 0.11907839228841867 0.25206533735673503 0.11068052002528121 0.2608663060222386 0.10960559237770001 0.26368799063283055 0.16892816202674513 0.2022155759055293 0.17067491945346785 0.13200937547923133 0.17289195773227278 0.12838149526578357 0.12512486031501346
0 0.5559338967140007 0.9969583669047752 0.6474370976524538 0.9944054137411732 0.6478290749683455 1.0 0.5561470047300552 1.0 0.5559338967140007 0.9969583669047752
0 0.5529778461692016 0.9544987247561003 0.5851584873217001 0.9536253460451258 0.6444810471076547 0.9519457715924983 0.6474370976524538 0.9944054137411732 0.5559338967140007 0.9969583669047752 0.5529778461692016 0.9544987247561003
1 0.22532651652410995 0.9674650395298118 0.25898518294870954 0.9666588437929324 0.2604632082208107 0.9909790818570494 0.1960347429493071 0.9925242903519391 0.1945567176772059 0.9682040522878221 0.22532651652410995 0.9674650395298118
0 0.32683997953294697 0.983253039377827 0.40920629697097544 0.98117036705676 0.41038628710613295 1.0 0.327916834915055 1.0 0.32683997953294697 0.983253039377827
0 0.921409236732178 0.989232324425553 1.0 0.9870492473090732 1.0 1.0 0.9221735037987422 1.0 0.921409236732178 0.989232324425553
0 0.9179829054194442 0.9471085971664488 0.9984680997839436 0.9448915588924176 1.0 0.9683184270671459 1.0 0.9870492473090732 0.921409236732178 0.989232324425553 0.9179829054194442 0.9471085971664488
0 0.9355176597845412 0.27474135250408804 0.935920757585969 0.28065345457771873 0.9700497047785034 0.27971289288310164 0.9744165976283 0.3430664412165433 0.9638016888557743 0.34333517313201883 0.9640704207229951 0.34696305394797566 0.9252386658463397 0.3480379815955569 0.9249699339785222 0.34407418589002925 0.913884744437465 0.3444101007796 0.9091147537868371 0.27548036526687214 0.9355176597845412 0.27474135250408804
0 0.882375932954212 0.28213148009373956 0.8819728351527841 0.27621937802488256 0.9091147537868371 0.27548036526687214 0.913884744437465 0.3444101007796 0.9026651889627973 0.3446788326903019 0.9029339208306149 0.34918009222200697 0.8634303362841174 0.3502550198743618 0.8630944214497931 0.3458881262956209 0.8518076830080219 0.3462240411851916 0.8501952918023103 0.3230459137475248 0.8474407901588219 0.28307204178835665 0.882375932954212 0.28213148009373956
0 1.0 0.27888422845461336 1.0 0.34612074671115733 0.9840237618972562 0.34655995607953605 0.9837550300294386 0.3427977093058414 0.9744165976283 0.3430664412165433 0.9700497047785034 0.27971289288310164 1.0 0.27888422845461336
0 0.8405209445662507 0.1341273793784236 0.8381695407241901 0.1032903924356297 0.9780444778417479 0.09905786481940017 0.9807989794852362 0.13211189003622534 0.9830832003601933 0.16550183014262126 0.8432082632426355 0.16966717478475554 0.8405209445662507 0.1341273793784236
0 0.6347395169050882 0.5493181839333232 0.7148216134681598 0.5471683286381608 0.7343046738732927 0.5466308648119834 0.7361186139803149 0.5731009581760363 0.7369919925502743 0.5856641750765345 0.6374268355820698 0.5884186771815167 0.6347395169050882 0.5493181839333232
0 0.23654607199937427 0.7656473733658681 0.36190948826254415 0.7620194925499112 0.3647983558402397 0.8021949134409123 0.23950212254357664 0.8058899772357381 0.23654607199937427 0.7656473733658681
0 0.7139482348982005 0.5348066606694957 0.7148216134681598 0.5471683286381608 0.6347395169050882 0.5493181839333232 0.614383077929996 0.5498556477595006 0.6116285762865076 0.5101505077110343 0.7120671118246713 0.5073960056108257 0.7139482348982005 0.5348066606694957
0 0.484182488048498 0.42885910422964135 0.5836804620495989 0.42556713830325527 0.5875098911637605 0.47172184424675595 0.4879447341955562 0.47501381017314204 0.484182488048498 0.42885910422964135
0 0.23076833684457995 0.6858339954004958 0.356064570141243 0.6822061145845391 0.3589534377183418 0.7221799865437072 0.23365720442167875 0.7258078673596641 0.23076833684457995 0.6858339954004958
0 0.7113280991883224 0.4963108142263484 0.7120671118246713 0.5073960056108257 0.6116285762865076 0.5101505077110343 0.6090084405766296 0.4713187463783163 0.7094469761147933 0.4685642442781076 0.7113280991883224 0.4963108142263484
0 0.6374268355820698 0.5884186771815167 0.7369919925502743 0.5856641750765345 0.7387387496895962 0.611395255682577 0.7396793112266591 0.62503340023543 0.6401141542584547 0.6277207193567698 0.6374268355820698 0.5884186771815167
0 0.6401141542584547 0.6277207193567698 0.7396793112266591 0.62503340023543 0.7413588853994743 0.6498239191468554 0.7423666299030439 0.6645369913472895 0.6428014729348396 0.667224310473403 0.6401141542584547 0.6277207193567698
0 0.7974566627734091 0.40581534274971226 0.7993377858475348 0.42885910422964135 0.8009501770532464 0.448812448719791 0.7218758249943413 0.45136540188816665 0.718382310714504 0.4083682959133143 0.7974566627734091 0.40581534274971226
0 0.22774510333327402 0.6449195617467107 0.3016463669401233 0.6431728043199879 0.35310851959704065 0.6414932298673605 0.356064570141243 0.6822061145845391 0.23076833684457995 0.6858339954004958 0.22774510333327402 0.6449195617467107
0 0.23365720442167875 0.7258078673596641 0.3589534377183418 0.7221799865437072 0.36190948826254415 0.7620194925499112 0.23654607199937427 0.7656473733658681 0.23365720442167875 0.7258078673596641
0 0.9828816514594793 0.7913112709930417 0.9861736168386027 0.8433780790053994 0.9870469954079654 0.856210027821373 0.9251042999127294 0.8578224192951317 0.9209389559636466 0.7928564794879314 0.9828816514594793 0.7913112709930417
0 0.5194535456788092 0.8443858236788854 0.5987966296055317 0.8420344194471163 0.6014839482819165 0.8787835084587672 0.522140864355194 0.8810677297116674 0.5194535456788092 0.8443858236788854
0 0.4031598299489603 0.8867110998698225 0.36244695199817917 0.8878532105010463 0.3197185850402586 0.8890625041063652 0.31622507076042117 0.84028766201562 0.3417545981881659 0.8395486492576095 0.3590206206854454 0.839078368410301 0.399666315669123 0.837936257783851 0.4031598299489603 0.8867110998698225
0 0.522140864355194 0.8810677297116674 0.6014839482819165 0.8787835084587672 0.6041040839917946 0.9155325974704182 0.5247610000650721 0.9178168187233183 0.522140864355194 0.8810677297116674
0 0.4063174293938766 0.9306487675392919 0.3656045514430955 0.931790878165742 0.29056117739906606 0.9339407334656781 0.2887472372920438 0.9085455677492063 0.3210622443781526 0.9076721890334581 0.3197185850402586 0.8890625041063652 0.36244695199817917 0.8878532105010463 0.4031598299489603 0.8867110998698225 0.4063174293938766 0.9306487675392919
0 0.16647423750668672 0.0764172012031371 0.17278943639651934 0.09757983929860568 0.17923900122055908 0.11907839228841867 0.12838149526578357 0.12512486031501346 0.09929127059169467 0.12861837517323257 0.0865265068778223 0.08595718409272464 0.16647423750668672 0.0764172012031371
1 0.22532651652410995 0.9674650395298118 0.1945567176772059 0.9682040522878221 0.1690271902494612 0.9688086990880949 0.16801944574589145 0.9518785886136294 0.2243187720205402 0.9504677460717038 0.22532651652410995 0.9674650395298118
1 0.2243187720205402 0.9504677460717038 0.16801944574589145 0.9518785886136294 0.1668773353081146 0.9336720015502026 0.22324384454986693 0.9322611590130505 0.2243187720205402 0.9504677460717038
1 0.17278943639651934 0.09757983929860568 0.24548140659908493 0.08844295428223144 0.25206533735673503 0.11068052002528121 0.17923900122055908 0.11907839228841867 0.17278943639651934 0.09757983929860568
0 0.8441488247796984 0.4042701342500489 0.8460299478532276 0.4273810787136205 0.7993377858475348 0.42885910422964135 0.7974566627734091 0.40581534274971226 0.8441488247796984 0.4042701342500489