0 0.33664045215282584 0.0 0.4605737523628153 0.0 0.45894643744343616 0.01279492095899357 0.3545441068575003 0.007554648669278084 0.3358000590881197 0.006614086974661015 0.33664045215282584 0.0
0 0.12209104133081633 0.9937335839572581 0.18866936154366654 0.9917852775939286 0.21352705930276256 0.9910462648359183 0.21414262849251223 1.0 0.12255486963161905 1.0 0.12209104133081633 0.9937335839572581
0 0.09609123313454017 0.9507364779871793 0.18564612803295732 0.9481163418399348 0.18625077473509916 0.9590671672666743 0.18866936154366654 0.9917852775939286 0.12209104133081633 0.9937335839572581 0.09938319851366359 0.9944054137411732 0.09609123313454017 0.9507364779871793
0 0.09286645072311701 0.9066644443647458 0.18242134562093745 0.9040443082175013 0.18322754122379326 0.9143233038650992 0.18564612803295732 0.9481163418399348 0.09609123313454017 0.9507364779871793 0.09286645072311701 0.9066644443647458
0 0.09293363368962386 0.3632213346432996 0.09683024577088911 0.4148178618131224 0.0027069091225580154 0.4185129256079481 0.0 0.41859149026617565 0.0 0.3660582012650848 0.09293363368962386 0.3632213346432996
0 0.044830629378336796 0.07567818844512667 0.07311465844956992 0.07507354164008037 0.13384806054111895 0.0736626991029284 0.13619946438317948 0.0736626991029284 0.13942424679519932 0.1298948517574204 0.047988228823253105 0.13197752407848756 0.044830629378336796 0.07567818844512667
0 0.3545441068575003 0.007554648669278084 0.45894643744343616 0.01279492095899357 0.47661555774214354 0.013668299674741757 0.46398515996188155 0.11316629021478801 0.3419137090772384 0.10698545623045545 0.3545441068575003 0.007554648669278084
0 0.05067554750023468 0.26190940369288807 0.08500604359407965 0.2607001100875691 0.08782772820407492 0.2944931480624047 0.0 0.29743236350536867 0.0 0.2635219909908126 0.05067554750023468 0.26190940369288807
0 0.08782772820407492 0.2944931480624047 0.09031349798034254 0.32889083284228654 0.0 0.3316477179185691 0.0 0.29743236350536867 0.08782772820407492 0.2944931480624047
0 0.09031349798034254 0.32889083284228654 0.09293363368962386 0.3632213346432996 0.0 0.3660582012650848 0.0 0.3316477179185691 0.09031349798034254 0.32889083284228654
0 0.5394988147750391 0.8232903685622857 0.5411112059807507 0.855269466126756 0.4049313320437444 0.8580239682317383 0.40325175787092926 0.8260448706624943 0.5394988147750391 0.8232903685622857
0 0.0355593799443018 0.528693009664032 0.13693847701893172 0.5256697756483478 0.1386852341588504 0.5526101498597092 0.13955861272880973 0.5651061837861122 0.03804514971997272 0.5678606858863209 0.0355593799443018 0.528693009664032
0 0.07721281943154913 0.6817358337372305 0.17603896376400127 0.6789141486581529 0.17751698903610247 0.7078028292328438 0.17792008683753036 0.7175443610542643 0.07996732107503755 0.7201644972015089 0.07721281943154913 0.6817358337372305
0 0.07996732107503755 0.7201644972015089 0.17792008683753036 0.7175443610542643 0.1794652950767351 0.7400506587127896 0.18060740551391521 0.7575854159923013 0.08688716666760872 0.7600711861818081 0.08265463975201913 0.7602055521395459 0.07996732107503755 0.7201644972015089
0 0.032468963465892335 0.48845040578938836 0.03985908982699495 0.48818167387868644 0.1339152435082225 0.4853599887996089 0.13606509844956907 0.5136440225740271 0.13693847701893172 0.5256697756483478 0.0355593799443018 0.528693009664032 0.032468963465892335 0.48845040578938836
0 0.03804514971997272 0.5678606858863209 0.13955861272880973 0.5651061837861122 0.14143973580233882 0.5931214856450548 0.1422459314057913 0.6046097748979717 0.1328403160375492 0.6048785068086736 0.07788464910079453 0.6063565323294682 0.0407324683969543 0.6073642769981804 0.03804514971997272 0.5678606858863209
0 0.07432395185445032 0.6416947787991935 0.0803032359099586 0.6416275958203246 0.13519171987960973 0.6401495703043037 0.17247826651706036 0.6392761915885555 0.17543431706185944 0.6672914934522719 0.17603896376400127 0.6789141486581529 0.07721281943154913 0.6817358337372305 0.07432395185445032 0.6416947787991935
0 0.33123161733760903 0.3296970285791659 0.4271017111258588 0.32694252647895716 0.4294531149679193 0.35878725809046336 0.33358302117966954 0.36160894316954095 0.33123161733760903 0.3296970285791659
0 0.43167015287577276 0.5959431707241324 0.4354323990234276 0.6443820979253069 0.3523270689490502 0.6469350510889089 0.3486320057690956 0.5984961238925081 0.43167015287577276 0.5959431707241324
0 0.32881303052904165 0.2967773693200785 0.41447131334559684 0.2942244161517028 0.42468312431669475 0.29395568423622725 0.4271017111258588 0.32694252647895716 0.33123161733760903 0.3296970285791659 0.32881303052904165 0.2967773693200785
0 0.34352610028354663 0.5080678353899672 0.4332153611149775 0.5057836141370671 0.4370447902291392 0.5668529412128349 0.34735552939770836 0.5691371624705087 0.34352610028354663 0.5080678353899672
0 0.4211224270703505 0.4070246363550312 0.4244815754159808 0.45875552947781817 0.34009976897081284 0.4609725677566231 0.3367406206245859 0.40924167462906247 0.4211224270703505 0.4070246363550312
0 0.6952289320842818 0.23577522521840588 0.8477342669815048 0.23167706355514045 0.8503544026913827 0.27030727595125187 0.7513267094582167 0.27299459507736534 0.6978490677935631 0.2744054376145173 0.6952289320842818 0.23577522521840588
0 0.8503544026913827 0.27030727595125187 0.8529073554341573 0.3089374883521369 0.7538796622009911 0.31155762449460783 0.7513267094582167 0.27299459507736534 0.8503544026913827 0.27030727595125187
0 0.6930790771429353 0.20352739573846002 0.8455844120401582 0.1994292340751946 0.8477342669815048 0.23167706355514045 0.6952289320842818 0.23577522521840588 0.6930790771429353 0.20352739573846002
0 0.8774291383577355 0.5620157667915591 0.8815944823068183 0.6246974853458591 0.768995829756924 0.6277207193567698 0.764830485808438 0.5650390008072432 0.8774291383577355 0.5620157667915591
0 0.5014732555006428 0.8938324955487722 0.5057057824162324 0.9766691075250549 0.4041923194073954 0.9786845968672532 0.3999597924918058 0.8958479848909704 0.5014732555006428 0.8938324955487722
0 0.12511427484212226 0.8270526153312067 0.20942889832078335 0.8244996621676046 0.21218339996427177 0.8611815682003866 0.12786877648561065 0.8637345213687623 0.12511427484212226 0.8270526153312067
0 0.12235977319863382 0.7911769050353039 0.20667439667729492 0.7886239518669282 0.20942889832078335 0.8244996621676046 0.12511427484212226 0.8270526153312067 0.12235977319863382 0.7911769050353039
0 0.39861613315391176 0.753487254329036 0.5357365686273843 0.7506655692499584 0.5394988147750391 0.8229544536679413 0.40231119633386636 0.8257761387517925 0.39861613315391176 0.753487254329036
0 0.3949210699733604 0.681265552889922 0.5320415054474297 0.6784438678108444 0.5357365686273843 0.7506655692499584 0.39861613315391176 0.753487254329036 0.3949210699733604 0.681265552889922
0 0.07136790131024795 0.044102188744322354 0.13210130340120027 0.04275852918126564 0.13384806054111895 0.0736626991029284 0.07311465844956992 0.07507354164008037 0.07136790131024795 0.044102188744322354
0 0.04818977772456376 0.2310052337759989 0.05067554750023468 0.26190940369288807 0.0 0.2635219909908126 0.0 0.23253871940054877 0.04818977772456376 0.2310052337759989