0 0.13357343098810723 0.9039042939388752 0.1216820458441942 0.904240208828446 0.11993528870427553 0.8788450431167478 0.11704642112658001 0.837527511594523 0.17038969685762312 0.8360494860737285 0.1750253215746406 0.9026950003335562 0.13357343098810723 0.9039042939388752
0 0.01533140921702904 0.8818010941487895 0.013987749879134958 0.8633257751794344 0.010695784500011542 0.8156258607362703 0.0631656816610953 0.8142150181991183 0.06780130637811281 0.8803230686327687 0.01533140921702904 0.8818010941487895
0 0.0 0.8637233598686692 0.0 0.7976198230144884 0.009419308128624307 0.7973520906987482 0.010695784500011542 0.8156258607362703 0.013987749879134958 0.8633257751794344 0.0 0.8637233598686692
0 0.06780130637811281 0.8803230686327687 0.0631656816610953 0.8142150181991183 0.11529966398725802 0.8127369926783239 0.11704642112658001 0.837527511594523 0.11993528870427553 0.8788450431167478 0.06780130637811281 0.8803230686327687
0 0.12201796067851854 0.41400601775058116 0.20807934129709835 0.4104453199134932 0.21338679568336122 0.4617059321937452 0.1272582320976779 0.46519944705196437 0.12201796067851854 0.41400601775058116
0 0.13075174637751524 0.17523771364315355 0.14082919141500275 0.17483461577471388 0.22521099786017068 0.17181138175902966 0.2293091588421499 0.21702552601268693 0.13478272439239092 0.22038467491316827 0.13075174637751524 0.17523771364315355
0 0.039255019891179 0.0 0.1550293555199476 0.0 0.15540789523530063 0.0045929493115744804 0.039920375108307565 0.008288013106400236 0.039255019891179 0.0
0 0.1124107964095625 0.30537114218938705 0.2009579468038132 0.3019448103100368 0.2059966693222586 0.3531382396066463 0.1174495189286046 0.3566317544696391 0.1124107964095625 0.30537114218938705
0 0.1272582320976779 0.46519944705196437 0.21338679568336122 0.4617059321937452 0.21862706710252056 0.5127649955373906 0.13243132055033038 0.5163256933744786 0.1272582320976779 0.46519944705196437
0 0.10280363214060646 0.5563667483125156 0.1654853402727881 0.5540825270596155 0.2068028649257111 0.552604501538821 0.2104979281056657 0.5939220330610459 0.19504584571540848 0.5944594968872233 0.10649869532115777 0.5976170968558716 0.10280363214060646 0.5563667483125156
0 0.13740286010226893 0.136876233157744 0.2217846665474369 0.13385299914205978 0.22521099786017068 0.17181138175902966 0.14082919141500275 0.17483461577471388 0.13740286010226893 0.136876233157744
0 0.03662840972918415 0.008355196085269119 0.039920375108307565 0.008288013106400236 0.15540789523530063 0.0045929493115744804 0.15896859248164483 0.048799348891745795 0.16266365566219615 0.09428222505133131 0.04388417015607967 0.09811165480389483 0.03662840972918415 0.008355196085269119
0 0.10770798872544146 0.257268129882557 0.19625513911969217 0.2538417980032067 0.2009579468038132 0.3019448103100368 0.1124107964095625 0.30537114218938705 0.10770798872544146 0.257268129882557
0 0.09138252776522489 0.5981545606820491 0.10649869532115777 0.5976170968558716 0.19504584571540848 0.5944594968872233 0.19880809186246665 0.6365160411674585 0.13357343098810723 0.6388674453992276 0.09514477391228304 0.6402111049622843 0.09138252776522489 0.5981545606820491
1 0.24328321596030594 0.9067931619968217 0.29555156422067574 0.9053823194596697 0.29676085762495946 0.923521723539454 0.24449250936458963 0.9249325660813796 0.24328321596030594 0.9067931619968217
1 0.23851322530967806 0.8345042775788388 0.2907143906023476 0.8330934350416868 0.291923684007228 0.8509641072107693 0.23965533574685818 0.852307766773826 0.23851322530967806 0.8345042775788388
1 0.17038969685762312 0.8360494860737285 0.16783674411484864 0.800039409820088 0.19665823692112006 0.7992332140832087 0.19921118966389453 0.8352432903368492 0.17038969685762312 0.8360494860737285
1 0.24570180276947 0.9428704212293311 0.29790296806213956 0.9415267616662742 0.29911226146701997 0.9594646168142257 0.24684391320665014 0.9608754593561513 0.24570180276947 0.9428704212293311
1 0.24086462915173856 0.8705143538324792 0.2931329774115117 0.8691706942694225 0.2943422708157954 0.8870413664385051 0.24207392255602225 0.8884522089804306 0.24086462915173856 0.8705143538324792
1 0.19921118966389453 0.8352432903368492 0.19665823692112006 0.7992332140832087 0.2248079000587428 0.7984270183463293 0.2272936698344137 0.8344370945999698 0.19921118966389453 0.8352432903368492
1 0.24449250936458963 0.9249325660813796 0.29676085762495946 0.923521723539454 0.29790296806213956 0.9415267616662742 0.24570180276947 0.9428704212293311 0.24449250936458963 0.9249325660813796
1 0.23965533574685818 0.852307766773826 0.291923684007228 0.8509641072107693 0.2931329774115117 0.8691706942694225 0.24086462915173856 0.8705143538324792 0.23965533574685818 0.852307766773826
1 0.24207392255602225 0.8884522089804306 0.2943422708157954 0.8870413664385051 0.29555156422067574 0.9053823194596697 0.24328321596030594 0.9067931619968217 0.24207392255602225 0.8884522089804306