0 0.13357343098810723 0.15390429393841648 0.1216820458441942 0.15424020882798883 0.11993528870427553 0.1288450431161695 0.11704642112658001 0.0875275115937474 0.17038969685762312 0.08604948607294587 0.1750253215746406 0.15269500033309175 0.13357343098810723 0.15390429393841648
0 0.01533140921702904 0.1318010941482253 0.013987749879134958 0.11332577517878197 0.010695784500011542 0.0656258607353902 0.0631656816610953 0.0642150181982315 0.06780130637811281 0.1303230686321974 0.01533140921702904 0.1318010941482253
0 0.0 0.11372335986801865 0.0 0.047619823013522335 0.009419308128624307 0.04735209069778083 0.010695784500011542 0.0656258607353902 0.013987749879134958 0.11332577517878197 0.0 0.11372335986801865
0 0.06780130637811281 0.1303230686321974 0.0631656816610953 0.0642150181982315 0.11529966398725802 0.06273699267742996 0.11704642112658001 0.0875275115937474 0.11993528870427553 0.1288450431161695 0.06780130637811281 0.1303230686321974
0 0.08278310799983858 0.348936479318686 0.0815738145955549 0.3309314411917798 0.07821466624992464 0.28255969696924327 0.12981118484045237 0.2811488544320846 0.134379626590963 0.34752563677675363 0.08278310799983858 0.348936479318686
0 0.0 0.3331516138602066 0.0 0.26664630755471636 0.024199560850232844 0.26596550138426944 0.02876800260014679 0.3323422837289385 0.0 0.3331516138602066
0 0.134379626590963 0.34752563677675363 0.12981118484045237 0.2811488544320846 0.18315446057149545 0.27967082891128303 0.18772290232140942 0.34604761126072575 0.134379626590963 0.34752563677675363
0 0.02876800260014679 0.3323422837289385 0.024199560850232844 0.26596550138426944 0.07700537284564095 0.2645546588423371 0.07821466624992464 0.28255969696924327 0.0815738145955549 0.3309314411917798 0.02876800260014679 0.3323422837289385
1 0.24328321596030594 0.15679316199637672 0.29555156422067574 0.15538231945921802 0.29676085762495946 0.17352172353908898 0.24449250936458963 0.1749325660810213 0.24328321596030594 0.15679316199637672
1 0.23851322530967806 0.08450427757804875 0.2907143906023476 0.08309343504089006 0.291923684007228 0.10096410721005784 0.23965533574685818 0.10230776677312098 0.23851322530967806 0.08450427757804875
1 0.17038969685762312 0.08604948607294587 0.16783674411484864 0.05003940981913347 0.19665823692112006 0.049233214082250315 0.19921118966389453 0.0852432903360627 0.17038969685762312 0.08604948607294587
1 0.24570180276947 0.19287042122905831 0.29790296806213956 0.19152676166599517 0.29911226146701997 0.20946461681403217 0.24684391320665014 0.2108754593559645 0.24570180276947 0.19287042122905831
1 0.24086462915173856 0.12051435383186115 0.2931329774115117 0.11917069426879802 0.2943422708157954 0.1370413664379658 0.24207392255602225 0.13845220897989816 0.24086462915173856 0.12051435383186115
1 0.19921118966389453 0.0852432903360627 0.19665823692112006 0.049233214082250315 0.2248079000587428 0.04842701834536716 0.2272936698344137 0.08443709459917956 0.19921118966389453 0.0852432903360627
1 0.24449250936458963 0.1749325660810213 0.29676085762495946 0.17352172353908898 0.29790296806213956 0.19152676166599517 0.24570180276947 0.19287042122905831 0.24449250936458963 0.1749325660810213
1 0.23965533574685818 0.10230776677312098 0.291923684007228 0.10096410721005784 0.2931329774115117 0.11917069426879802 0.24086462915173856 0.12051435383186115 0.23965533574685818 0.10230776677312098
1 0.24207392255602225 0.13845220897989816 0.2943422708157954 0.1370413664379658 0.29555156422067574 0.15538231945921802 0.24328321596030594 0.15679316199637672 0.24207392255602225 0.13845220897989816