0 0.12485733834528992 0.6015193579081923 0.12089354329751781 0.5468995967226853 0.19539945360650893 0.5448169244016181 0.271652121054822 0.5425998861275868 0.2768923924745781 0.6150903194774028 0.12613381471667715 0.6193900300772748 0.12485733834528992 0.6015193579081923
0 0.42825561693402414 0.32895801582115547 0.5833139045746182 0.3246583052212834 0.5876136144567147 0.3865338280387042 0.5888229078615951 0.4042701342500489 0.4338318031881045 0.4085698448499209 0.42825561693402414 0.32895801582115547
0 0.5833139045746182 0.3246583052212834 0.5820374282032309 0.3061158032730594 0.7334678356297806 0.3018832756520562 0.7391112048503677 0.382301300417701 0.5876136144567147 0.3865338280387042 0.5833139045746182 0.3246583052212834
0 0.10277873777150248 0.0 0.20281491992886944 0.0 0.20567844754411366 0.028247005917438138 0.11504862517561992 0.03194206971226389 0.10611329057590928 0.03234516758070355 0.10277873777150248 0.0
0 0.9543654308468759 0.32942829666846396 1.0 0.32850748028127735 1.0 0.42067517813570166 0.9810370687118007 0.42106587877155016 0.9591354214975037 0.42146897663998983 0.9543654308468759 0.32942829666846396
0 0.12008734769466202 0.14514538778403197 0.12667127845231216 0.14487665586855644 0.21877912609290706 0.14111440909963546 0.22260855520706876 0.17846814491155902 0.21669645411866403 0.17873687682703454 0.12391677680882374 0.18249912359595555 0.12008734769466202 0.14514538778403197
0 0.11894523725688519 0.069766086371496 0.22133207883568154 0.06553355875526647 0.2252286909169468 0.10322320945676082 0.12284184933815044 0.10738855409889511 0.11894523725688519 0.069766086371496
0 0.11504862517561992 0.03194206971226389 0.20567844754411366 0.028247005917438138 0.21743546675441627 0.027776725070129602 0.22133207883568154 0.06553355875526647 0.11894523725688519 0.069766086371496 0.11504862517561992 0.03194206971226389
0 0.12284184933815044 0.10738855409889511 0.2252286909169468 0.10322320945676082 0.2290581200311085 0.14064412825232692 0.21877912609290706 0.14111440909963546 0.12667127845231216 0.14487665586855644 0.12284184933815044 0.10738855409889511
0 0.9810370687118007 0.42106587877155016 1.0 0.42067517813570166 1.0 0.5145239080109693 0.9862773401315568 0.514853316179346 0.9810370687118007 0.42106587877155016
0 0.5996393655348348 0.5902998005659773 0.5940631792807544 0.509411494953024 0.7470387949465087 0.5052461503108896 0.7526149812005891 0.586134455923843 0.5996393655348348 0.5902998005659773
0 0.0 0.6050867110220796 0.0 0.5322587758393481 0.04551425441856736 0.5309772309169322 0.11961706692613058 0.5288273756169961 0.12089354329751781 0.5468995967226853 0.12485733834528992 0.6015193579081923 0.0 0.6050867110220796
0 0.44659656690197685 0.5945323281869804 0.4410203806478965 0.5136440225740271 0.5940631792807544 0.509411494953024 0.5996393655348348 0.5902998005659773 0.44659656690197685 0.5945323281869804
0 0.9862773401315568 0.514853316179346 1.0 0.5145239080109693 1.0 0.608893635903634 0.9965563340697582 0.6089766684719391 0.9919878923192476 0.609043851450808 0.9862773401315568 0.514853316179346
0 0.09677485817477073 0.7383710842601622 0.09771541971183362 0.7548309138920927 0.10127611695817783 0.8180500962677966 0.0 0.8203195894640236 0.0 0.7405397088925263 0.09677485817477073 0.7383710842601622
0 0.10127611695817783 0.8180500962677966 0.09771541971183362 0.7548309138920927 0.28764166718071427 0.7505312032969942 0.2920757429970178 0.8292696536100116 0.10214949552813717 0.8335021812310147 0.10127611695817783 0.8180500962677966
0 0.09428908839909982 0.9749895330724274 0.3028250177037507 0.9692789799354034 0.30496233602257916 1.0 0.09600867713042123 1.0 0.09428908839909982 0.9749895330724274
0 0.4564052800716469 0.7049811441537662 0.6649412093762977 0.6992034080378733 0.6710548593654164 0.7871459263509074 0.4624517470942587 0.7928564794879314 0.4564052800716469 0.7049811441537662
0 0.470715252024724 0.8992743167750943 0.6793183642958817 0.8934965806592013 0.6853648313184935 0.9814390989674618 0.47682890201384265 0.9871496521044858 0.470715252024724 0.8992743167750943
0 0.9420627715935593 0.0 1.0 0.0 1.0 0.0024282343600947995 0.9424068627358593 0.004262682742891981 0.9420627715935593 0.0
0 0.9954814065990849 0.08844295428223144 0.9929956368228173 0.0799107160613562 1.0 0.07908015902395359 1.0 0.1037047365696472 0.9954814065990849 0.08844295428223144
0 0.9522155759055293 0.17067491945346785 0.8820093754792313 0.17289195773227278 0.8783814952657836 0.12512486031501346 0.929239001220559 0.11907839228841867 1.0 0.11091868166037042 1.0 0.16931711046068515 0.9522155759055293 0.17067491945346785
1 0.97532651652411 0.9674650395298118 1.0 0.9668740577925681 1.0 0.9912300243294819 0.9460347429493071 0.9925242903519391 0.944556717677206 0.9682040522878221 0.97532651652411 0.9674650395298118
0 0.9865460719993743 0.7656473733658681 1.0 0.7652580313311784 1.0 0.8055803883041188 0.9895021225435766 0.8058899772357381 0.9865460719993743 0.7656473733658681
0 0.98076833684458 0.6858339954004958 1.0 0.6852771535887621 1.0 0.7253346710560903 0.9836572044216788 0.7258078673596641 0.98076833684458 0.6858339954004958
0 0.977745103333274 0.6449195617467107 1.0 0.6443935368310343 1.0 0.6852771535887621 0.98076833684458 0.6858339954004958 0.977745103333274 0.6449195617467107
0 0.9836572044216788 0.7258078673596641 1.0 0.7253346710560903 1.0 0.7652580313311784 0.9865460719993743 0.7656473733658681 0.9836572044216788 0.7258078673596641
0 0.9164742375066867 0.0764172012031371 0.9227894363965193 0.09757983929860568 0.929239001220559 0.11907839228841867 0.8783814952657836 0.12512486031501346 0.8492912705916946 0.12861837517323257 0.8365265068778223 0.08595718409272464 0.9164742375066867 0.0764172012031371
1 0.97532651652411 0.9674650395298118 0.944556717677206 0.9682040522878221 0.9190271902494612 0.9688086990880949 0.9180194457458914 0.9518785886136294 0.9743187720205402 0.9504677460717038 0.97532651652411 0.9674650395298118
1 0.9743187720205402 0.9504677460717038 0.9180194457458914 0.9518785886136294 0.9168773353081147 0.9336720015502026 0.9732438445498669 0.9322611590130505 0.9743187720205402 0.9504677460717038
1 0.929239001220559 0.11907839228841867 0.9227894363965193 0.09757983929860568 0.9954814065990849 0.08844295428223144 1.0 0.1037047365696472 1.0 0.11091868166037042 0.929239001220559 0.11907839228841867