0 0.47231782180169973 0.8077293998425359 0.5420940524515688 0.8055123618956945 0.5440692317133502 0.8307059749259004 0.5210523468483321 0.831431550981074 0.47433331084408537 0.8329230128727417 0.47231782180169973 0.8077293998425359
0 0.4703426425399183 0.7843094171675118 0.5402398025326742 0.7820117596608939 0.5420940524515688 0.8055123618956945 0.47231782180169973 0.8077293998425359 0.4703426425399183 0.7843094171675118
0 0.46828684371657037 0.7596801410700624 0.538143693928364 0.7574227933419007 0.5402398025326742 0.7820117596608939 0.4703426425399183 0.7843094171675118 0.46828684371657037 0.7596801410700624
0 0.46619073511261816 0.7338012617631391 0.5040013095492626 0.7325919683378496 0.5360475853244119 0.7315439140349773 0.538143693928364 0.7574227933419007 0.46828684371657037 0.7596801410700624 0.46619073511261816 0.7338012617631391
0 0.005893347595009027 0.8792389510684896 0.007747597514261612 0.9068511509492744 0.0 0.9070603966523965 0.0 0.8793978938127817 0.005893347595009027 0.8792389510684896
0 0.35159002815800106 0.9145906288739912 0.3247034043317028 0.915316204929165 0.2755657814765216 0.916606117914231 0.27399370002328893 0.8929039667756928 0.3500179467051264 0.890888477732589 0.35159002815800106 0.9145906288739912
0 0.07841064334279474 0.9264417044418283 0.1351668147787236 0.9249099327688401 0.13702106469761816 0.950466333828065 0.102636821633101 0.9514740783496168 0.08018427370012277 0.9520384152823733 0.07841064334279474 0.9264417044418283
0 0.4763891096674333 0.9094309769251347 0.5451575957961096 0.907173629196973 0.5470521554959664 0.9321656933234412 0.530323596443521 0.932649410693557 0.5131516298019226 0.9331734378449932 0.47860614761391435 0.9342214921450013 0.4763891096674333 0.9094309769251347
0 0.3500179467051264 0.890888477732589 0.27399370002328893 0.8929039667756928 0.2725022381319808 0.8707335873101428 0.3210755240551222 0.8694436743222126 0.3485264848134603 0.8687180982670389 0.3500179467051264 0.890888477732589
0 0.26129611905597283 0.9814645553025245 0.3369575777098659 0.9795296858220613 0.33740098529901885 0.9861807996597214 0.3382485629197948 1.0 0.2624653307808554 1.0 0.26129611905597283 0.9814645553025245
0 0.07490369240910097 0.8753692121075632 0.13669858645099398 0.873676201312158 0.1374241625061669 0.8843179834547054 0.13843190702735972 0.8989504339021402 0.07663701298546671 0.9006434446975455 0.07490369240910097 0.8753692121075632
0 0.2585550539580562 0.9379703017648308 0.3342165126119493 0.9360354322843676 0.3347405397630268 0.9441780080165596 0.3355467353801243 0.9571577574499096 0.2598852767262313 0.9590523171490524 0.2585550539580562 0.9379703017648308
0 0.07663701298546671 0.9006434446975455 0.13843190702735972 0.8989504339021402 0.13927841242506148 0.9114464659653744 0.14020553738468775 0.924748693646423 0.1351668147787236 0.9249099327688401 0.07841064334279474 0.9264417044418283 0.07663701298546671 0.9006434446975455
0 0.007747597514261612 0.9068511509492744 0.009642157214118454 0.9352292366665532 0.0 0.9354898355095493 0.0 0.9070603966523965 0.007747597514261612 0.9068511509492744
0 0.2598852767262313 0.9590523171490524 0.3355467353801243 0.9571577574499096 0.3364738603397506 0.9720320665824024 0.3369575777098659 0.9795296858220613 0.26129611905597283 0.9814645553025245 0.2598852767262313 0.9590523171490524
0 0.360135701698017 0.7980953622186762 0.36158685380872085 0.8180083939589287 0.3042663454411102 0.8196610949730135 0.30237178574125334 0.7934194276399354 0.35969229410886405 0.7917667266258505 0.360135701698017 0.7980953622186762
0 0.35134816947294345 0.6689831341590301 0.3527993215836473 0.6891783343627966 0.2968090359838536 0.6907504158171051 0.2949144762839968 0.6643475093616097 0.3007593945070584 0.6641862702363283 0.33401496370785394 0.6632188354960967 0.35090476188379044 0.6627351181259808 0.35134816947294345 0.6689831341590301
0 0.3582411419981602 0.7717730753229574 0.35969229410886405 0.7917667266258505 0.30237178574125334 0.7934194276399354 0.30047722604139654 0.7669359016217994 0.30225085639872457 0.7667746624993822 0.3352645669141044 0.7658072277591506 0.3577574246280449 0.7652832006077145 0.3582411419981602 0.7717730753229574
0 0.35513728887301516 0.7218695666326614 0.35658844098336095 0.7420244570579718 0.3336118658993052 0.7427097233318252 0.3005981553839253 0.7436368482907364 0.2987035956840685 0.7171936320539207 0.35469388128350415 0.7155812408211562 0.35513728887301516 0.7218695666326614
0 0.3620302613982319 0.8244176491115308 0.36352172328954 0.8452981155920148 0.34074669710957955 0.8459833818687323 0.30773298659419973 0.8469105068276437 0.3062415247028916 0.846950816608964 0.3042663454411102 0.8196610949730135 0.36158685380872085 0.8180083939589287 0.3620302613982319 0.8244176491115308
0 0.35328303895376256 0.6959503775472818 0.35469388128350415 0.7155812408211562 0.2987035956840685 0.7171936320539207 0.2968090359838536 0.6907504158171051 0.3527993215836473 0.6891783343627966 0.35328303895376256 0.6959503775472818
0 0.1430272220441709 0.7432337504832612 0.144518683935479 0.7641142169637454 0.14540549911414302 0.7783838793821612 0.09864615332929197 0.7797544119327321 0.09606632735486646 0.7446042830309679 0.1430272220441709 0.7432337504832612
0 0.008674722473529881 0.7575840324643179 0.011294858228917659 0.7932581885175182 0.0 0.7935843938080773 0.0 0.7578345659667339 0.008674722473529881 0.7575840324643179
0 0.09606632735486646 0.7446042830309679 0.09864615332929197 0.7797544119327321 0.05486973132669911 0.7810443249177982 0.05301548140780455 0.7562538096979315 0.052249595571669354 0.7458941960188982 0.09606632735486646 0.7446042830309679
0 0.05301548140780455 0.7562538096979315 0.05486973132669911 0.7810443249177982 0.05563561716283431 0.7919279657482677 0.011294858228917659 0.7932581885175182 0.008674722473529881 0.7575840324643179 0.05301548140780455 0.7562538096979315
0 0.7304213485792598 0.9372044159283368 0.7282446204133831 0.9120108028981309 0.7303407290176933 0.9119301833354903 0.7816147702577889 0.9101565529803084 0.7977386825975903 0.9096325258288723 0.7999154107634671 0.9348261388590782 0.7304213485792598 0.9372044159283368
0 0.9310028180851139 0.6722482264058796 0.9056882757116902 0.6730141122423736 0.9046402214095352 0.6587041400426373 0.9035115475458135 0.643507352662446 0.9542615616351896 0.6420158907707783 0.9844938972720486 0.6410887658090028 0.9879605384251381 0.6875659431300319 0.9577282027882791 0.6884527583076229 0.9322927310723267 0.6892186441441169 0.9310028180851139 0.6722482264058796
0 0.7080897299888104 0.786486145333033 0.7411034405041902 0.7853977812517045 0.7417483969977966 0.7927341613660821 0.7872178297957929 0.791202389693094 0.7897976557702184 0.821878132919855 0.7463034022340035 0.8233292850302024 0.7456987555210014 0.8162347636008827 0.7001083933804763 0.8177262254925504 0.6975285674064088 0.7868489333620519 0.7080897299888104 0.786486145333033
0 0.04668684581462765 0.517982695097348 0.10118566952275518 0.5165315429870005 0.10287868031815865 0.5420073244835847 0.06454407873079472 0.5430150690051366 0.04837985661003111 0.5434584765939321 0.04668684581462765 0.517982695097348
0 0.043381443784671216 0.4675551592556159 0.09783995771219449 0.46610400714240435 0.0994926587269937 0.4912170006128337 0.04503414479982844 0.49262784294186074 0.043381443784671216 0.4675551592556159
0 0.06776886119846857 0.5939263222169845 0.12303357074308933 0.5925557896692778 0.12468627175788853 0.6183540494106963 0.11618090799847684 0.6185555983144339 0.09824305552074322 0.6190393156845496 0.0804261323851804 0.6194827232762092 0.06942156221326778 0.6197648917397233 0.06776886119846857 0.5939263222169845
0 0.06454407873079472 0.5430150690051366 0.10287868031815865 0.5420073244835847 0.11980878827505746 0.5416042266732454 0.12142117950889438 0.5671203179511498 0.06615646996463165 0.5684908505017208 0.06454407873079472 0.5430150690051366
0 0.04503414479982844 0.49262784294186074 0.0994926587269937 0.4912170006128337 0.10118566952275518 0.5165315429870005 0.04668684581462765 0.517982695097348 0.04503414479982844 0.49262784294186074
0 0.06615646996463165 0.5684908505017208 0.12142117950889438 0.5671203179511498 0.12303357074308933 0.5925557896692778 0.06776886119846857 0.5939263222169845 0.06615646996463165 0.5684908505017208
0 0.2841920745781041 0.5134276898597041 0.3241390673996629 0.512258706215735 0.3390536863141761 0.5118152986269395 0.3394970939033291 0.5182648635637263 0.34102886557559947 0.5385003735488131 0.2861672538398855 0.5401127647815777 0.2841920745781041 0.5134276898597041
0 0.2685921893893803 0.4876294301182856 0.3223251272617307 0.48605734866397715 0.3226879152893171 0.49262784294186074 0.3241390673996629 0.512258706215735 0.2841920745781041 0.5134276898597041 0.2705673686511617 0.5138307876700434 0.2685921893893803 0.4876294301182856
0 0.2861672538398855 0.5401127647815777 0.34102886557559947 0.5385003735488131 0.3414319633841482 0.5444259113341636 0.3429637350564186 0.5647420408818912 0.2881021233207046 0.5663544321146559 0.2861672538398855 0.5401127647815777
0 0.2666573199089192 0.4611862138814699 0.3203902577809115 0.4596141324271615 0.32087397515102684 0.46578152889756996 0.3223251272617307 0.48605734866397715 0.2685921893893803 0.4876294301182856 0.2666573199089192 0.4611862138814699
0 0.23525600062737628 0.6312531792842697 0.2334017507081237 0.6059386369101029 0.2870540690185495 0.6043665554557944 0.2871749983610783 0.6057773977876856 0.2880618135397423 0.6177090929181632 0.28898893849936863 0.6299229565150192 0.28915017762250167 0.6320996846805402 0.23719087010783738 0.6336314563535284 0.23545754953147163 0.6337120759161691 0.23525600062737628 0.6312531792842697
0 0.2881021233207046 0.5663544321146559 0.3429637350564186 0.5647420408818912 0.34344745242653385 0.5712319155999983 0.34493891431784196 0.5914674255850851 0.320753045808498 0.5921526918589385 0.290077302582128 0.5930798168178497 0.2881021233207046 0.5663544321146559
0 0.06793010032195967 0.07566346983616955 0.07083240454300935 0.1156104626577713 0.07127581213252036 0.12322901123852717 0.04076130802964146 0.1241561362003026 0.03737528643811849 0.07650997523530427 0.06793010032195967 0.07566346983616955
0 0.03737528643811849 0.07650997523530427 0.04076130802964146 0.1241561362003026 0.009682466994722711 0.12504295137789348 0.006296445403557763 0.07739679041289517 0.03737528643811849 0.07650997523530427
0 0.26669762968952343 0.13512039659054867 0.2690355969788913 0.1660783082836879 0.21256159400898236 0.1682953462305293 0.1972841870672408 0.16873875381932477 0.19538962736738394 0.13729712475606975 0.26669762968952343 0.13512039659054867
0 0.025645140211032952 0.002501217596130961 0.025524210868504132 0.0006066578969881288 0.02548896370572093 0.0 0.05992871583847886 0.0 0.06002938327555011 0.0016950219783165757 0.025645140211032952 0.002501217596130961
0 0.0 0.0012079349465379857 0.0 0.0 0.02548896370572093 0.0 0.025524210868504132 0.0006066578969881288 0.0 0.0012079349465379857
0 0.006296445403557763 0.07739679041289517 0.009682466994722711 0.12504295137789348 0.0 0.12530701865960384 0.0 0.07757692279238156 0.006296445403557763 0.07739679041289517
0 0.19067338300804396 0.07594563830254779 0.24134277753549555 0.0743332470697832 0.26194107554957924 0.07360767101460951 0.2636340863449827 0.09388349078101672 0.1925679427079008 0.09626176785027535 0.19067338300804396 0.07594563830254779
0 0.1925679427079008 0.09626176785027535 0.2636340863449827 0.09388349078101672 0.2651255482366488 0.11452209857644287 0.1938175459141513 0.11669882674196394 0.1925679427079008 0.09626176785027535
0 0.1938175459141513 0.11669882674196394 0.2651255482366488 0.11452209857644287 0.26669762968952343 0.13512039659054867 0.19538962736738394 0.13729712475606975 0.1938175459141513 0.11669882674196394
0 0.5346367429946702 0.411161775847213 0.5356041777349009 0.43034923152942756 0.4538962519534928 0.43200193254637664 0.45288850743229997 0.4128144768612979 0.5346367429946702 0.411161775847213
0 0.23227307684440204 0.23440338682256853 0.29310053614570647 0.2325894466832022 0.29414859044786157 0.24875366880362515 0.29467261759893915 0.2562512880432842 0.23376453873571015 0.2579039890573691 0.23227307684440204 0.23440338682256853
0 0.2572651409708435 0.32622906759624976 0.3165608286002356 0.32453605680084446 0.31744764377889956 0.34186926256523653 0.3176895024639572 0.3477141807879464 0.2589178419856427 0.34928626224225484 0.2572651409708435 0.32622906759624976
0 0.2589178419856427 0.34928626224225484 0.3176895024639572 0.3477141807879464 0.3186166274235835 0.3612179573727325 0.31930189369779416 0.37173881017418314 0.26306974941330086 0.37323027206585085 0.26053023321983765 0.37331089162849157 0.2589178419856427 0.34928626224225484
0 0.23041882692514945 0.21025782809237079 0.23485290281882754 0.21009658896995356 0.2912865960077742 0.2084035781745483 0.29257650899498694 0.22537399591278565 0.29310053614570647 0.2325894466832022 0.23227307684440204 0.23440338682256853 0.23041882692514945 0.21025782809237079
0 0.23376453873571015 0.2579039890573691 0.29467261759893915 0.2562512880432842 0.2958012914626608 0.2730604666562401 0.2962850088331341 0.2799534391818223 0.2906416395141678 0.2801146783042395 0.2576682387793922 0.28100149348469455 0.23537692996990509 0.28160614019590724 0.23376453873571015 0.2579039890573691
0 0.25553182039447775 0.302204438210013 0.25911939089009606 0.30216412842869267 0.2920524818439094 0.3012773132511018 0.3144244102149631 0.3007532860996656 0.3161980405726491 0.31756246471548577 0.3165608286002356 0.32453605680084446 0.2572651409708435 0.32622906759624976 0.25553182039447775 0.302204438210013
0 0.40967642236174695 0.11500581594655866 0.467198479633811 0.11335311493247373 0.46860932196355254 0.1324599510549118 0.4110872646914885 0.13415296185031708 0.40967642236174695 0.11500581594655866
0 0.46993954473136956 0.2747534774516454 0.4721968924591709 0.3038168294456418 0.4223336935484588 0.30534860111576567 0.42011665560197775 0.2762852491246335 0.46993954473136956 0.2747534774516454
0 0.4082252702514011 0.0952540233315876 0.4596202408340256 0.09372225165859951 0.46574732752310716 0.09356101253331812 0.467198479633811 0.11335311493247373 0.40967642236174695 0.11500581594655866 0.4082252702514011 0.0952540233315876
0 0.41705311225743696 0.22202828410043124 0.4708666696909959 0.22065775155272455 0.47316432719940144 0.25729934234329227 0.41935076976584257 0.2586698748938631 0.41705311225743696 0.22202828410043124
0 0.4636109091381927 0.16140237370494714 0.4656263981805783 0.1924409049578629 0.414997313434089 0.1937711277271134 0.41298182439134534 0.1627325964713335 0.4636109091381927 0.16140237370494714
0 0.6280748150031639 0.05865274231947604 0.7195780175308383 0.05619384568757672 0.721150098984071 0.0793719696746787 0.6617334820121501 0.08098436091030746 0.6296468964560384 0.08183086630657802 0.6280748150031639 0.05865274231947604
0 0.721150098984071 0.0793719696746787 0.7226818706563414 0.10255009366464486 0.6632652536844205 0.1041221751160891 0.6617334820121501 0.08098436091030746 0.721150098984071 0.0793719696746787
0 0.626784902015951 0.039304047511980064 0.7182881045436256 0.036845150880080745 0.7195780175308383 0.05619384568757672 0.6280748150031639 0.05865274231947604 0.626784902015951 0.039304047511980064
0 0.737394940666043 0.2543970381225975 0.7398941470789021 0.292006063656261 0.6723349543755139 0.29382000379276313 0.669835747963013 0.2562109782619638 0.737394940666043 0.2543970381225975
0 0.9279795845215354 0.34533590371868783 1.0 0.3607355173963702 1.0 0.3660516263746297 0.9832039842848359 0.3963680862744967 0.9087921288371933 0.3805666521802285 0.9279795845215354 0.34533590371868783
0 0.6966417522277448 0.6444344776213572 0.7852829603149738 0.6417337223044 0.7860891559320713 0.6525367435722289 0.7779062704196418 0.6527786022572868 0.7793977323109499 0.6722885361872 0.6989394097361503 0.6747474328190992 0.6966417522277448 0.6444344776213572
0 0.8943209175121911 0.5593808400292971 0.9581716103774321 0.5715140840635123 0.9821156202020765 0.5760690893011562 0.9729249901684541 0.5953371645460115 0.8851302874785688 0.5786086054928321 0.8943209175121911 0.5593808400292971
0 0.6989394097361503 0.6747474328190992 0.7793977323109499 0.6722885361872 0.7876209276043417 0.6720466775021421 0.7884674330020434 0.6826481498662333 0.7800426888045563 0.6828900085512912 0.7813729115727313 0.7006263121260227 0.7567436354738764 0.7012712686185556 0.7011161379020271 0.7030448989766016 0.6989394097361503 0.6747474328190992
0 0.694303784938377 0.6139602832983337 0.7748024172941388 0.6115013866664345 0.7763341889664092 0.6314144184066869 0.7844767646982344 0.631172559721629 0.7852829603149738 0.6417337223044 0.6966417522277448 0.6444344776213572 0.694303784938377 0.6139602832983337
0 0.7481576521528981 0.5536971609290045 0.7494072553591485 0.5700629319531649 0.7407406524766038 0.5703047906382228 0.7416274676552678 0.5819140075238661 0.7099842896886672 0.5828814422640977 0.7102664581546871 0.5866705616652476 0.6622171993822653 0.588121713775595 0.659798612531331 0.5563979162459617 0.7481576521528981 0.5536971609290045
0 0.6573397158994343 0.5243919502528144 0.6869270950430449 0.5235051350723593 0.7058726920419713 0.522940798142467 0.70655795831654 0.5320911183933467 0.7281640008518165 0.5314058521194933 0.7464243315765323 0.5308415151867368 0.7481576521528981 0.5536971609290045 0.659798612531331 0.5563979162459617 0.6573397158994343 0.5243919502528144
0 0.5324600148287936 0.640967836467906 0.4708263599100336 0.6427414668259519 0.46179696899990236 0.6429833255110098 0.4601845777660654 0.6206517069201783 0.5308476235945986 0.6185959080957542 0.5324600148287936 0.640967836467906
0 0.4708263599100336 0.6427414668259519 0.5324600148287936 0.640967836467906 0.5341127158435928 0.6637831724288532 0.47247906092483277 0.6655971125653554 0.4708263599100336 0.6427414668259519
0 0.44619708381117856 0.5622831442499919 0.4987207282578827 0.5608319921396445 0.501260244451346 0.5970704851227371 0.4487366000046418 0.5985216372330845 0.44619708381117856 0.5622831442499919
0 0.5118214070337476 0.45348704573807336 0.5143609232272108 0.5031890055246317 0.45345284436398176 0.5043982989499212 0.45091332817051855 0.45469633916336283 0.5118214070337476 0.45348704573807336
0 0.47247906092483277 0.6655971125653554 0.5341127158435928 0.6637831724288532 0.535765416858392 0.686437269264519 0.47413176193963197 0.688210899622565 0.47247906092483277 0.6655971125653554
0 0.5374584276537954 0.7097766323769024 0.491827755732666 0.7111068551461529 0.4666744524827334 0.7118324312013266 0.464981441686972 0.6884527583076229 0.47413176193963197 0.688210899622565 0.535765416858392 0.686437269264519 0.5374584276537954 0.7097766323769024
0 0.44385911652216875 0.5286647870212158 0.5054121518786461 0.5269314664444902 0.5077501191680139 0.5605901334545866 0.4987207282578827 0.5608319921396445 0.44619708381117856 0.5622831442499919 0.44385911652216875 0.5286647870212158
0 0.28600601471639436 0.41341912357251054 0.3365947896822794 0.4118873519023866 0.3382474906970786 0.43389649224551946 0.2876587157311936 0.4354282639185076 0.28600601471639436 0.41341912357251054
0 0.28435331370159517 0.3918937005994935 0.3349420886674802 0.3903619289265054 0.3365947896822794 0.4118873519023866 0.28600601471639436 0.41341912357251054 0.28435331370159517 0.3918937005994935
0 0.4501071325537791 0.36927991354228384 0.532379395266869 0.36758690274687855 0.5346367429946702 0.41096022694061124 0.45232417050026014 0.4126532377388807 0.4501071325537791 0.36927991354228384
0 0.44789009460694007 0.3259468991298715 0.530162357320388 0.3242538883344662 0.532379395266869 0.36758690274687855 0.4501071325537791 0.36927991354228384 0.44789009460694007 0.3259468991298715
0 0.18918192111637783 0.0574031391128662 0.23985131564418743 0.05579074788010161 0.24134277753549555 0.0743332470697832 0.19067338300804396 0.07594563830254779 0.18918192111637783 0.0574031391128662