0 0.897937636323811 0.1500805125114966 0.938717697241099 0.19220423977080187 0.8439225309235224 0.2288189628248898 0.7672667656737815 0.14954304868531662 0.8620619319907612 0.11299550860532426 0.897937636323811 0.1500805125114966
0 0.8250441172205314 0.07476839407747 0.8620619319907612 0.11299550860532426 0.7672667656737815 0.14954304868531662 0.6972621141481975 0.07718698128811946 0.6975308460154183 0.07664951746193949 0.7850702519060992 0.042923662465811786 0.7920572804651772 0.04063944121290073 0.8250441172205314 0.07476839407747
0 0.277906034663342 0.04312521139764575 0.22496585673432354 0.05750236870857776 0.18581962986977293 0.0 0.3790802615925048 0.0 0.3880861004046689 0.013228786154099859 0.277906034663342 0.04312521139764575
0 0.3880861004046689 0.013228786154099859 0.3790802615925048 0.0 0.43683515650004057 0.0 0.3880861004046689 0.013228786154099859
0 0.9604849785217855 0.4098770887626689 1.0 0.40592795071218657 1.0 0.4975843488772779 0.9828569065040172 0.49929763259215065 0.9604849785217855 0.4098770887626689
0 0.9828569065040172 0.49929763259215065 1.0 0.4975843488772779 1.0 0.5678700179736265 0.9828569065040172 0.49929763259215065
0 0.5321935644372194 0.618816150601786 0.645464046656359 0.6076637762383866 0.6599755675101501 0.6663145161085702 0.6703217444148584 0.708303877410137 0.6114022824303316 0.7141487965049267 0.5570512621963155 0.7194562517735363 0.5321935644372194 0.618816150601786
0 0.5096872705207807 0.5274473004089655 0.6229577527399203 0.5162949260455661 0.6355209675530787 0.5673539893894552 0.645464046656359 0.6076637762383866 0.5321935644372194 0.618816150601786 0.5096872705207807 0.5274473004089655
0 0.6361256142552205 0.8145201657612002 0.7467759607644822 0.8036365233132776 0.7580626992062534 0.8494553143674263 0.7693494376480244 0.8950725564849673 0.6586990911387629 0.9059561989328899 0.6361256142552205 0.8145201657612002
0 0.6114022824303316 0.7141487965049267 0.6703217444148584 0.708303877410137 0.7219854459724897 0.7032651540522304 0.7342127459513237 0.7527790089012225 0.7467759607644822 0.8036365233132776 0.6361256142552205 0.8145201657612002 0.6114022824303316 0.7141487965049267
0 0.2752187159869572 0.2916350473324539 0.38660807513256773 0.27725789002152185 0.4010524130192552 0.321934570449215 0.41724350804586136 0.3718515231666486 0.3058541489002508 0.38622868047758063 0.2752187159869572 0.2916350473324539
0 0.22053178091801998 0.12300577234226812 0.2460613083457647 0.11971380641586629 0.30135289011684374 0.11259241073688267 0.33192114006363055 0.10862861503133611 0.344282805976075 0.146855729563964 0.3590630586970868 0.19233860572376663 0.24767369955207297 0.20671576303469863 0.22053178091801998 0.12300577234226812
0 0.24767369955207297 0.20671576303469863 0.3590630586970868 0.19233860572376663 0.37303711581524285 0.23540289467769343 0.38660807513256773 0.27725789002152185 0.2752187159869572 0.2916350473324539 0.24767369955207297 0.20671576303469863
1 0.22496585673432354 0.05750236870857776 0.277906034663342 0.04312521139764575 0.2915441769471737 0.0822928876248952 0.2362525951760947 0.08941428329910518 0.22496585673432354 0.05750236870857776
1 0.06056913669318762 0.09142977264131306 0.10954551957443402 0.07832909191457499 0.12049634318128415 0.09458737260997648 0.07151996030003775 0.10768805333671455 0.06056913669318762 0.09142977264131306
1 0.13769518271146006 0.182193976033858 0.12734900580675176 0.14725882743240556 0.15435655850659769 0.14410122745896853 0.16470273541130595 0.1789691930863254 0.13769518271146006 0.182193976033858
1 0.038600306511787114 0.0589132112505101 0.08757668939303352 0.04581253052377203 0.0985946959669872 0.06207081121917351 0.04955113011923395 0.07517149194591158 0.038600306511787114 0.0589132112505101
1 0.07151996030003775 0.10768805333671455 0.12049634318128415 0.09458737260997648 0.13137998382162744 0.1107784703312824 0.08247078390748458 0.12387915105802047 0.07151996030003775 0.10768805333671455
1 0.16470273541130595 0.1789691930863254 0.15435655850659769 0.14410122745896853 0.18257340461072724 0.1407420785536975 0.19291958151603225 0.17567722715992357 0.16470273541130595 0.1789691930863254
1 0.04955113011923395 0.07517149194591158 0.0985946959669872 0.06207081121917351 0.10954551957443402 0.07832909191457499 0.06056913669318762 0.09142977264131306 0.04955113011923395 0.07517149194591158
1 0.027649482904936993 0.04265493055510861 0.0766258657855867 0.029554249828370543 0.08757668939303352 0.04581253052377203 0.038600306511787114 0.0589132112505101 0.027649482904936993 0.04265493055510861
1 1.0 0.974186281715161 1.0 0.9910648637446641 0.9891049224273429 0.9777076195298116 1.0 0.974186281715161