0 0.0 0.35559457474409656 0.0 0.28585203004430365 0.039327523777150895 0.28448288433028224 0.03973062157857879 0.2889169608831184 0.04282103805639155 0.32499422011085416 0.045306807832659175 0.3540172666432828 0.0 0.35559457474409656
0 0.171409236732178 0.989232324425553 0.251222601427432 0.9870152861515217 0.2521237486108717 1.0 0.17217350379874222 1.0 0.171409236732178 0.989232324425553
0 0.1679829054194442 0.9471085971664488 0.2484680997839436 0.9448915588924176 0.251222601427432 0.9870152861515217 0.171409236732178 0.989232324425553 0.1679829054194442 0.9471085971664488
0 0.8660811146346518 0.9706226394984601 0.9572484007387805 0.9679353203771203 0.9596083607664881 1.0 0.868243288008104 1.0 0.8660811146346518 0.9706226394984601
0 0.5112206833890002 0.9364936866292801 0.541251469600152 0.9356203079183055 0.6026567013603498 0.9338063675079403 0.6057471178387592 0.9763331926354841 0.514311099866813 0.9790205117568239 0.5112206833890002 0.9364936866292801
0 0.514311099866813 0.9790205117568239 0.6057471178387592 0.9763331926354841 0.6077318339493988 1.0 0.5157740116409574 1.0 0.514311099866813 0.9790205117568239
0 0.8629235151897354 0.9280286313920474 0.8863031876761336 0.9271552526762992 0.9548298139296164 0.9254084952495765 0.9572484007387805 0.9679353203771203 0.8660811146346518 0.9706226394984601 0.8629235151897354 0.9280286313920474
0 0.18551765978454116 0.27474135250408804 0.18592075758596904 0.28065345457771873 0.22004970477850336 0.27971289288310164 0.22441659762830007 0.3430664412165433 0.2138016888557743 0.34333517313201883 0.2140704207229951 0.34696305394797566 0.1752386658463397 0.3480379815955569 0.17496993397852223 0.34407418589002925 0.163884744437465 0.3444101007796 0.1591147537868371 0.27548036526687214 0.18551765978454116 0.27474135250408804
0 0.3068500980328354 0.2714493865824756 0.30718601286775643 0.2774286716302015 0.342591436431678 0.2766224758933222 0.34474129137302456 0.3131028329942712 0.34635368257933286 0.33930419444284865 0.3352013100711721 0.3395729263583242 0.33540285897188604 0.3439398199322915 0.29542899365745384 0.3449475646057774 0.2952274447567399 0.34084940294251204 0.2846125359842141 0.3411181348532139 0.28044719203572804 0.27205403338274825 0.3068500980328354 0.2714493865824756
0 0.132375932954212 0.28213148009373956 0.1319728351527841 0.27621937802488256 0.1591147537868371 0.27548036526687214 0.163884744437465 0.3444101007796 0.15266518896279738 0.3446788326903019 0.15293392083061488 0.34918009222200697 0.11343033628411742 0.3502550198743618 0.11309442144979306 0.3458881262956209 0.1018076830080219 0.3462240411851916 0.10019529180231031 0.3230459137475248 0.0974407901588219 0.28307204178835665 0.132375932954212 0.28213148009373956
0 0.254044286038024 0.2787723311932582 0.2536411882359994 0.27286022911962754 0.28044719203572804 0.27205403338274825 0.2846125359842141 0.3411181348532139 0.27278833380740464 0.3414540497427847 0.27312424864172896 0.3454850284271812 0.23402376189725613 0.34655995607953605 0.23375503002943862 0.3427977093058414 0.22441659762830007 0.3430664412165433 0.22004970477850336 0.27971289288310164 0.254044286038024 0.2787723311932582
0 0.8877812129482348 0.29489624593084435 0.8930886673344977 0.3761876494122373 0.8345051201848919 0.3777328579071271 0.8339676564492569 0.3687303388437169 0.829197665798629 0.29644145442573405 0.8877812129482348 0.29489624593084435
0 0.9453570155948674 0.29341822041482346 0.9499254573447814 0.3636916154906081 0.9506644699811303 0.3747096238962165 0.8930886673344977 0.3761876494122373 0.8877812129482348 0.29489624593084435 0.9453570155948674 0.29341822041482346
0 0.2854187315870699 0.13056668153656195 0.28313451071211293 0.09744547334564155 0.4245546560682786 0.09361604359307804 0.42670451100962514 0.12599823903076166 0.4290559148516857 0.15999282593743025 0.2877029524620269 0.1640238046266004 0.2854187315870699 0.13056668153656195
0 1.0 0.28183238565136426 1.0 0.3624180071800504 0.9499254573447814 0.3636916154906081 0.9453570155948674 0.29341822041482346 0.944685185925622 0.2832735907249633 1.0 0.28183238565136426
0 0.49146889111604986 0.265470101529976 0.49187198891747774 0.2714493865824756 0.5285538888527865 0.2704416419089896 0.5286882547869937 0.2723227652934501 0.5311740245626645 0.30806410963638875 0.5328535987354797 0.3356091306480229 0.4666111933575505 0.3373558880795193 0.4618412027063259 0.26627629726685537 0.49146889111604986 0.265470101529976
0 0.43496801594009044 0.2670153100248658 0.4618412027063259 0.26627629726685537 0.4666111933575505 0.3373558880795193 0.45498854008085826 0.3376246199949948 0.45525727194867577 0.34199151356896207 0.4154849555349575 0.3430664412165433 0.41521622366714006 0.33856518168483823 0.40406385115957594 0.338901096574409 0.40224991105255375 0.3117591734312145 0.39983132424338963 0.27534599930913434 0.4354382967086219 0.2744054376145173 0.43496801594009044 0.2670153100248658
0 0.775988756001793 0.28784203323076357 0.828660202062994 0.28750611834119283 0.829197665798629 0.29644145442573405 0.8339676564492569 0.3687303388437169 0.7244594203777721 0.3716192069016634 0.7191519659915092 0.29032780342027037 0.775988756001793 0.28784203323076357
0 0.09052094456625072 0.1341273793784236 0.0881695407241902 0.1032903924356297 0.22804447784174783 0.09905786481940017 0.23079897948523626 0.13211189003622534 0.23308320036019323 0.16550183014262126 0.09320826324263559 0.16966717478475554 0.09052094456625072 0.1341273793784236
0 0.4806524334428101 0.12452021350996717 0.4783682125672564 0.09240674998775908 0.60164895685678 0.0889804181036352 0.6197211749569153 0.08851013725632667 0.623550604071077 0.1543494557792751 0.48293665431776706 0.1585148004214094 0.4806524334428101 0.12452021350996717
0 0.8683653355096087 0.0536421716339099 0.8999413299599652 0.05290315887589947 0.899605415125641 0.04645359297609139 1.0 0.044122510139124604 1.0 0.13621615469982307 0.9281581760640949 0.13788962615211822 0.9276207123290565 0.12881992410983922 0.8972540112835804 0.12949175388898077 0.8975899261179048 0.13459766022573214 0.8730681431937297 0.13520230702600478 0.8683653355096087 0.0536421716339099
0 0.6778344413385863 0.13473202617869626 0.6766251479343025 0.11518177955698627 0.7311105341025258 0.1137709370198343 0.7272811049883641 0.05290315887589947 0.765642579096488 0.051962597181282405 0.8050789806758819 0.05095485250779645 0.806960103749411 0.0739314310136303 0.8104536180292483 0.13768807721551157 0.7710172164498544 0.13869582188899754 0.756169780761739 0.1390317367785683 0.7246609692784861 0.1398379325154476 0.6782375391400142 0.1409800431418977 0.6778344413385863 0.13473202617869626
0 0.9204993178357714 0.4849568909311692 0.9213726964057307 0.49953559717386564 0.8195233185625694 0.5020213673633724 0.8170375487868985 0.4619131294464665 0.9188869266300599 0.45936017628286446 0.9204993178357714 0.4849568909311692
0 0.04745666277340905 0.40581534274971226 0.04933778584753483 0.42885910422964135 0.050950177053246413 0.448812448719791 0.0 0.4504573994864637 0.0 0.4073475037375355 0.04745666277340905 0.40581534274971226
0 0.23288165145947928 0.7913112709930417 0.2361736168386027 0.8433780790053994 0.23704699540796534 0.856210027821373 0.17510429991272933 0.8578224192951317 0.17093895596364655 0.7928564794879314 0.23288165145947928 0.7913112709930417
0 0.09414882477969848 0.4042701342500489 0.09602994785322756 0.4273810787136205 0.04933778584753483 0.42885910422964135 0.04745666277340905 0.40581534274971226 0.09414882477969848 0.4042701342500489