0 0.8858518215507772 0.2780991892639998 0.8834735444808052 0.24532733743149426 0.9281770914426662 0.2440777342248844 0.9739286927063245 0.24274751145849807 0.9770728556127899 0.2862417649933276 0.8866177073869125 0.28882159096918797 0.8858518215507772 0.2780991892639998
0 0.8829898271106899 0.004274847954176935 0.8869401856338947 0.004113608828895549 0.9422048951781574 0.0018562611035979621 0.944502552686563 0.024268499254205902 0.940955291971907 0.02442973837948729 0.8852874846190955 0.026687086104784877 0.8829898271106899 0.004274847954176935
0 0.7229763037005371 0.0 0.7901538477501814 0.0 0.791567244144582 0.013505787767697381 0.724612698153838 0.016125923522013905 0.7229763037005371 0.0
0 0.724612698153838 0.016125923522013905 0.791567244144582 0.013505787767697381 0.7924137495422837 0.022333629773742723 0.7937036625294964 0.03503121074071443 0.7658899137435718 0.036159884606227405 0.7313847413365259 0.03753041715393409 0.7267894263197148 0.03769165627635129 0.724612698153838 0.016125923522013905
0 0.8865199782803442 0.0 0.9482112085596278 0.0 0.9483722916482012 0.0015740926372197182 0.9422048951781574 0.0018562611035979621 0.8869401856338947 0.004113608828895549 0.8865199782803442 0.0
0 0.5567627706977019 0.020439070074599892 0.6234754580030302 0.017738314757642676 0.6257731155114358 0.04002962356715376 0.6139220399418214 0.040513340937269555 0.5970725515468471 0.0411986072111229 0.5630510965102745 0.04256913976169377 0.5590201184251451 0.04273037888411098 0.5567627706977019 0.020439070074599892
0 0.554669383632154 0.0 0.6217440939477326 0.0 0.6234754580030302 0.017738314757642676 0.5567627706977019 0.020439070074599892 0.554669383632154 0.0
0 0.7025229382484462 0.2833797705539532 0.6993787753423388 0.23976458767516262 0.7442032516467288 0.23847467468723244 0.7910029072125422 0.23710414213952574 0.7941470701190075 0.2807193250183163 0.7025229382484462 0.2833797705539532
0 0.7941470701190075 0.2807193250183163 0.7910029072125422 0.23710414213952574 0.8382459703678665 0.23577391937027523 0.8827076586446699 0.23448400638234504 0.8834735444808052 0.24532733743149426 0.8858518215507772 0.2780991892639998 0.7941470701190075 0.2807193250183163
0 0.49992597970020647 0.1539450642466085 0.5755471285734952 0.1519295752035046 0.5775223078349186 0.18151695434893717 0.5793765577541712 0.20925008357081884 0.5037554088808824 0.2112655726139227 0.49992597970020647 0.1539450642466085
0 0.3436046495670605 0.020963097226036034 0.41676690180809456 0.014634461630346174 0.42265212981211847 0.04192418326629659 0.42966603167986406 0.07425262750714251 0.3564634696578677 0.08054095332151202 0.3436046495670605 0.020963097226036034
0 0.5037554088808824 0.2112655726139227 0.5793765577541712 0.20925008357081884 0.5811904978924615 0.23662042476940995 0.5832866064964137 0.2679814342700243 0.5076654576231249 0.2699566135318078 0.5037554088808824 0.2112655726139227
0 0.3390791898595827 0.0 0.4136148639182481 0.0 0.41676690180809456 0.014634461630346174 0.3436046495670605 0.020963097226036034 0.3390791898595827 0.0
0 0.7969687547781326 0.6792621282754228 0.8248631231259818 0.6784962424389287 0.8548939098587454 0.677649737039794 0.8564256815310157 0.7000216654119458 0.798500526450403 0.7016340566447103 0.7969687547781326 0.6792621282754228
0 0.5988461819041752 0.4127338572986572 0.6717262656795474 0.40056030348312166 0.6829323847559133 0.42732599796763593 0.695549346161663 0.4574777140429607 0.6226692623862907 0.46961095807717596 0.5988461819041752 0.4127338572986572
0 0.6769665371899649 0.49500612001398353 0.7485970177590866 0.4796480935085108 0.7627860606180689 0.5059703804042296 0.7778216088747528 0.5339856780924895 0.706191128305631 0.5493437045979623 0.6769665371899649 0.49500612001398353
0 0.7538775990504665 0.3627900388270409 0.869002333155803 0.3602102128511806 0.8695666700878428 0.3700861091600982 0.8717030884727573 0.4080176129385961 0.7565783543674207 0.4105974389144565 0.7538775990504665 0.3627900388270409
0 0.8717030884727573 0.4080176129385961 0.8695666700878428 0.3700861091600982 0.9835224205484956 0.36750628318710205 0.9861828660844876 0.4147493463417611 0.8722271156238349 0.4172888625363011 0.8717030884727573 0.4080176129385961
0 0.798500526450403 0.7016340566447103 0.8564256815310157 0.7000216654119458 0.8580380727648527 0.7231191698392713 0.8298212261703793 0.7239253654570856 0.8001129176845979 0.7247315610720358 0.798500526450403 0.7016340566447103
0 0.8675108712644949 0.5021812610030798 0.9926324310205513 0.49875492963094886 0.9963006210777362 0.551480122982163 0.8711387515407175 0.5549467641356143 0.8675108712644949 0.5021812610030798
0 0.706191128305631 0.5493437045979623 0.7778216088747528 0.5339856780924895 0.7897533040062917 0.5561963673422241 0.8050307109480332 0.5845341432781826 0.7483954688549912 0.596667387315262 0.7333599205983073 0.5998921697836553 0.706191128305631 0.5493437045979623
0 0.7483954688549912 0.596667387315262 0.8050307109480332 0.5845341432781826 0.8216383406579498 0.5809868825649549 0.83788318234028 0.6111789084216 0.8515078882672225 0.6365337605742231 0.7782650164642638 0.6522142653245303 0.7483954688549912 0.596667387315262
0 0.5540217055997853 0.30567107936346427 0.6269017893755154 0.29349752554792874 0.6385110062600722 0.32119034499135424 0.6501605329252331 0.34904440355719696 0.577280449149861 0.3612179573727325 0.5540217055997853 0.30567107936346427
0 0.577280449149861 0.3612179573727325 0.6501605329252331 0.34904440355719696 0.6607216955079928 0.37427832636872316 0.6717262656795474 0.40056030348312166 0.5988461819041752 0.4127338572986572 0.577280449149861 0.3612179573727325
0 0.4496999927622659 0.45723585535790284 0.4741680297376298 0.4825100879507494 0.41729092895917214 0.5044789185125619 0.3712974690104563 0.45691337711020424 0.42817456978855595 0.4349848563268479 0.4496999927622659 0.45723585535790284
0 0.4059638805406353 0.41204859102480385 0.42817456978855595 0.4349848563268479 0.3712974690104563 0.45691337711020424 0.32929467736554946 0.41349974313515125 0.32945591648868255 0.41317726488745266 0.3819795609353867 0.39294175490236577 0.3861717781436491 0.3915712223546591 0.4059638805406353 0.41204859102480385
0 0.689946286623659 0.8929442765570131 0.7460575015656233 0.8837133367434927 0.7609721204797785 0.9197502808228478 0.7702433700753254 0.9422834483174168 0.7141321551330029 0.9515143881309372 0.689946286623659 0.8929442765570131
0 0.07768102530429934 0.39306268424346263 0.04591691799516996 0.4016889773457704 0.014797767179646957 0.35597768586409945 0.06401600959639468 0.3426351484017306 0.11266991508146058 0.32941354028332276 0.1437890658973416 0.3751248317678579 0.07768102530429934 0.39306268424346263
0 0.1437890658973416 0.3751248317678579 0.11266991508146058 0.32941354028332276 0.1607191738538824 0.3163531712873321 0.21219476399843146 0.30240598711375055 0.24331391481395445 0.34811727859828573 0.1437890658973416 0.3751248317678579
0 0.7141321551330029 0.9515143881309372 0.7702433700753254 0.9422834483174168 0.7824572336725262 0.9717902078973445 0.794105745855094 1.0 0.7341626630742877 1.0 0.7141321551330029 0.9515143881309372
0 0.24331391481395445 0.34811727859828573 0.21219476399843146 0.30240598711375055 0.262420750936372 0.2887812811878676 0.31740329201497286 0.2738666622740545 0.3485224428304958 0.31957795375572545 0.24331391481395445 0.34811727859828573
0 0.5466450157044532 0.719007572193287 0.5818757641666721 0.7155006212585154 0.6119065508994358 0.7125176974751799 0.6180739473694796 0.73722759313527 0.6255312568263781 0.7670971407442166 0.5603100314123579 0.773627325243644 0.5466450157044532 0.719007572193287
0 0.48722839873289037 0.6131137779020632 0.5545860425318251 0.6063820444988983 0.5614387052760795 0.6337926954759455 0.5680091995546721 0.6600343628090237 0.5006515557553793 0.6667660962121886 0.48722839873289037 0.6131137779020632
0 0.5006515557553793 0.6667660962121886 0.5680091995546721 0.6600343628090237 0.5750231014224176 0.6881705898412447 0.5818757641666721 0.7155006212585154 0.5466450157044532 0.719007572193287 0.5145181203677374 0.7222323546588162 0.5006515557553793 0.6667660962121886
0 0.5603100314123579 0.773627325243644 0.6255312568263781 0.7670971407442166 0.6313358652688356 0.7902752647341827 0.6384706964791099 0.8188952091365195 0.5732494710650896 0.8253850838546266 0.5603100314123579 0.773627325243644
0 0.2302535458186939 0.7384771963418798 0.2982158363306307 0.7317857727200352 0.3069227489941378 0.7669762114031198 0.31313045524478583 0.7921698244333256 0.27777877744003815 0.7956767753680972 0.24516816473320704 0.7988612480551702 0.2302535458186939 0.7384771963418798
0 0.40805998914494557 0.986624207251381 0.4626394324146396 0.9769901696275213 0.4728202525031067 1.0 0.41398001593548656 1.0 0.40805998914494557 0.986624207251381
0 0.21674976923428033 0.6836558943877853 0.28471205974621716 0.6769644707659407 0.29224998876504027 0.7075999042113813 0.2982158363306307 0.7317857727200352 0.2302535458186939 0.7384771963418798 0.21674976923428033 0.6836558943877853
0 0.29261277679262676 0.8558995879561062 0.3590029858513309 0.8493694034595429 0.3657750290340188 0.876860673999231 0.37254707221670674 0.9042310151949579 0.30615686315800256 0.910761199691521 0.29261277679262676 0.8558995879561062
0 0.27777877744003815 0.7956767753680972 0.31313045524478583 0.7921698244333256 0.34412867671778 0.7891465908686698 0.3514650568325078 0.8188548993551992 0.3590029858513309 0.8493694034595429 0.29261277679262676 0.8558995879561062 0.27777877744003815 0.7956767753680972
0 0.9759038719681059 0.9634057734800946 0.9716310351979189 0.9635267028240556 0.9690915190044557 0.9289812206363682 1.0 0.9280763225132217 1.0 0.9749756303128635 0.9768309969277322 0.9756599468582708 0.9759038719681059 0.9634057734800946
0 0.07606863407046241 0.5421685636060019 0.1429022507186776 0.5335422705036941 0.15156885360122235 0.5603482747695288 0.16128351078592223 0.590298441941116 0.09444989413770705 0.5989247350434238 0.07606863407046241 0.5421685636060019
0 0.9536528729392231 0.8513042729400061 1.0 0.8499411221430991 1.0 0.9280763225132217 0.9690915190044557 0.9289812206363682 0.9593768618197558 0.9292633891027465 0.9536528729392231 0.8513042729400061
0 0.9536528729392231 0.8513042729400061 0.9357553302420937 0.8518283000914423 0.9330948847061016 0.8151867092980104 1.0 0.8132198922567401 1.0 0.8499411221430991 0.9536528729392231 0.8513042729400061
0 0.04325647245917792 0.4409910136748392 0.058574189181881786 0.4390158344130557 0.09174913882075274 0.43474299764179003 0.11009008910739311 0.4323647205725314 0.1175070887836874 0.45530098587743967 0.12637524057032753 0.4825907075105259 0.05954162392247036 0.4912170006128337 0.04325647245917792 0.4409910136748392
0 0.9330948847061016 0.8151867092980104 0.9292654555254257 0.7634289506870278 1.0 0.7613858214150186 1.0 0.8132198922567401 0.9330948847061016 0.8151867092980104
0 0.05954162392247036 0.4912170006128337 0.12637524057032753 0.4825907075105259 0.13475967498685237 0.508429277036129 0.1429022507186776 0.5335422705036941 0.07606863407046241 0.5421685636060019 0.05954162392247036 0.4912170006128337
1 0.04591691799516996 0.4016889773457704 0.07768102530429934 0.39306268424346263 0.08586391081672883 0.4165632864811274 0.05268896117785788 0.42083612324952885 0.04591691799516996 0.4016889773457704
3 0.7336823988449315 0.05933800859332938 0.7681069516904109 0.057927166264302346 0.7692759353347368 0.06889142665454842 0.7348110727086531 0.07030226898357546 0.7336823988449315 0.05933800859332938
3 0.7325537249812099 0.04841405798440365 0.7669782778263312 0.047003215652512434 0.7681069516904109 0.057927166264302346 0.7336823988449315 0.05933800859332938 0.7325537249812099 0.04841405798440365
3 0.6545946088189112 0.041077677870026044 0.688777302978975 0.039626525759678656 0.6899059768426966 0.050227998120905795 0.6557232826826329 0.051679150231253176 0.6545946088189112 0.041077677870026044
3 0.7313847413365259 0.03753041715393409 0.7658899137435718 0.036159884606227405 0.7669782778263312 0.047003215652512434 0.7325537249812099 0.04841405798440365 0.7313847413365259 0.03753041715393409
3 0.6910346507064183 0.06103101938873466 0.6924051832551976 0.07397045904076426 0.6582627988760961 0.07542161115111165 0.6568519565463545 0.06248217149908205 0.6910346507064183 0.06103101938873466
3 0.6557232826826329 0.051679150231253176 0.6899059768426966 0.050227998120905795 0.6910346507064183 0.06103101938873466 0.6568519565463545 0.06248217149908205 0.6557232826826329 0.051679150231253176
1 0.0 0.47573432017514355 0.0 0.4540634910841258 0.003551338322676697 0.4536482848604906 0.009759044573324781 0.47456906112229497 0.0 0.47573432017514355
1 0.009759044573324781 0.47456906112229497 0.003551338322676697 0.4536482848604906 0.020481446279217486 0.4516327958173867 0.02668915253022359 0.47259388186051143 0.009759044573324781 0.47456906112229497
1 0.5772401393692567 0.9301905140616578 0.5914694920088431 0.9476849589513312 0.5769176611222745 0.9524012033085282 0.5626479987017258 0.9349470682030392 0.5772401393692567 0.9301905140616578
1 0.6208956320289627 0.9160417809843386 0.6351249846685492 0.9334959160898276 0.6205731537819805 0.9382121604498886 0.6063438011423941 0.9207580253415356 0.6208956320289627 0.9160417809843386
1 0.5480961678151571 0.939663312560236 0.5623255204547436 0.9571174476685892 0.5477736895681748 0.9618740018099706 0.5335443369285884 0.9443795569202972 0.5480961678151571 0.939663312560236
1 0.6354877726961357 0.9112852268429572 0.6497171253360802 0.9287796717326307 0.6351249846685492 0.9334959160898276 0.6208956320289627 0.9160417809843386 0.6354877726961357 0.9112852268429572
1 0.5917919702558254 0.9254742697015966 0.6060213228954119 0.9429687145912702 0.5914694920088431 0.9476849589513312 0.5772401393692567 0.9301905140616578 0.5917919702558254 0.9254742697015966
1 0.5189925060420197 0.9490958012803583 0.5332218586816062 0.9665902461671676 0.5186700277950376 0.9713064905272286 0.5044003653744888 0.9538120456404193 0.5189925060420197 0.9490958012803583
1 0.5626479987017258 0.9349470682030392 0.5769176611222745 0.9524012033085282 0.5623255204547436 0.9571174476685892 0.5480961678151571 0.939663312560236 0.5626479987017258 0.9349470682030392
1 0.6063438011423941 0.9207580253415356 0.6205731537819805 0.9382121604498886 0.6060213228954119 0.9429687145912702 0.5917919702558254 0.9254742697015966 0.6063438011423941 0.9207580253415356
1 0.5335443369285884 0.9443795569202972 0.5477736895681748 0.9618740018099706 0.5332218586816062 0.9665902461671676 0.5189925060420197 0.9490958012803583 0.5335443369285884 0.9443795569202972