0 0.43563394792414156 0.73423650695291 0.5519276636539904 0.7305414431580666 0.5552196290331138 0.7725308044596334 0.5168581549243932 0.7737400980649581 0.43899309626977184 0.7762258682544768 0.43563394792414156 0.73423650695291
0 0.43234198254501816 0.6952031966833989 0.5488372471761777 0.6913737669355907 0.5519276636539904 0.7305414431580666 0.43563394792414156 0.73423650695291 0.43234198254501816 0.6952031966833989
0 0.42891565123228437 0.6541543970764536 0.5453437328963403 0.650392150302741 0.5488372471761777 0.6913737669355907 0.43234198254501816 0.6952031966833989 0.42891565123228437 0.6541543970764536
0 0.4254221369530437 0.6110229251436576 0.4884397599195497 0.6090074358014498 0.5418502186170996 0.607260678369945 0.5453437328963403 0.650392150302741 0.42891565123228437 0.6541543970764536 0.4254221369530437 0.6110229251436576
0 0.23442096201289309 0.9123385818538596 0.18960992308072944 0.9135478754591844 0.10771388641123239 0.915697730754357 0.10509375070135438 0.8761941396423087 0.23180082630361176 0.8728349907370377 0.23442096201289309 0.9123385818538596
0 0.44241942758250563 0.9037391606588481 0.5570335691395394 0.8999769138851355 0.5601911685844557 0.94163036029713 0.5323102373146504 0.9424365560340131 0.503690293409093 0.9433099347497654 0.44611449076246024 0.9450566921764966 0.44241942758250563 0.9037391606588481
0 0.23180082630361176 0.8728349907370377 0.10509375070135438 0.8761941396423087 0.10260798092568345 0.8392435016986485 0.18356345605811758 0.8370936463987022 0.22931505652734413 0.8358843527933775 0.23180082630361176 0.8728349907370377
0 0.07936267437289571 0.9513047091397278 0.20546510327241455 0.9480799261921952 0.20633848184237388 0.9616508877662441 0.20768214118086467 0.9832838067091244 0.08157971228134583 0.9864414066777878 0.07936267437289571 0.9513047091397278
0 0.08157971228134583 0.9864414066777878 0.20768214118086467 0.9832838067091244 0.20872407175519372 1.0 0.08243322071177837 1.0 0.08157971228134583 0.9864414066777878
0 0.24866375099886662 0.7181797751893424 0.2510823378080307 0.7513681663640638 0.15554815885470197 0.7541226684642857 0.15239055940978563 0.7103865497312141 0.24792473836311438 0.7076320476309922 0.24866375099886662 0.7181797751893424
0 0.23401786421146517 0.5029926963869941 0.23643645102062924 0.5366513684042525 0.14311930997515396 0.5392715045515096 0.13996171053023762 0.4952666539077349 0.14970324073280408 0.4949979219922581 0.2051291884380902 0.49338553051849177 0.23327885157571293 0.49257933478160865 0.23401786421146517 0.5029926963869941
0 0.2455061515539503 0.6743092904985325 0.24792473836311438 0.7076320476309922 0.15239055940978563 0.7103865497312141 0.14923295996486932 0.666247333129701 0.1521890105090717 0.6659786012189978 0.20721186041233322 0.6643662097452314 0.2446999559510945 0.6634928310294791 0.2455061515539503 0.6743092904985325
0 0.2403330631018945 0.591136763632282 0.2427516499104619 0.6247282526754449 0.2044573587688448 0.6258703633019004 0.14943450886558327 0.6274155717967975 0.14627690942066696 0.5833435381741535 0.23959405046554558 0.580656219052801 0.2403330631018945 0.591136763632282
0 0.25182135044437964 0.7620502598753788 0.25430712022005053 0.7968510425238664 0.21634874391275782 0.7979931531550956 0.1613258940094963 0.7995383616499927 0.15884012423382537 0.7996055446288619 0.15554815885470197 0.7541226684642857 0.2510823378080307 0.7513681663640638 0.25182135044437964 0.7620502598753788
0 0.23724264662348504 0.5479381087253904 0.23959405046554558 0.580656219052801 0.14627690942066696 0.5833435381741535 0.14311930997515396 0.5392715045515096 0.23643645102062924 0.5366513684042525 0.23724264662348504 0.5479381087253904
0 0.86580648508164 0.9500282325555338 0.8621786048681922 0.908038871253967 0.8656721191480297 0.9079045052962286 0.9511288530638708 0.9049484542641728 0.9780020398301064 0.9040750755484205 0.9816299200435541 0.9460644368499873 0.86580648508164 0.9500282325555338
0 0.8285871214106962 0.6988310774993731 0.8836099713139578 0.6970171370937728 0.8846848987846311 0.7092444391047585 0.9604672854650094 0.7066914859363707 0.9647669953477026 0.7578177322591291 0.8922765740464477 0.7602363194697784 0.8912688295422811 0.7484121153272344 0.8152848939611889 0.750897885516753 0.8109851840790924 0.6994357243044222 0.8285871214106962 0.6988310774993731
0 0.12209104133081633 0.24373358395722813 0.18866936154366654 0.24178527759388946 0.21352705930276256 0.24104626483587552 0.2142660719385148 0.2517955413308333 0.21681902468128927 0.285521396326961 0.12538300670993974 0.28820871544831367 0.12209104133081633 0.24373358395722813
0 0.09609123313454017 0.2007364779869442 0.18564612803295732 0.1981163418396871 0.18625077473509916 0.2090671672664789 0.18866936154366654 0.24178527759388946 0.12209104133081633 0.24373358395722813 0.09938319851366359 0.24440541374114652 0.09609123313454017 0.2007364779869442
0 0.12538300670993974 0.28820871544831367 0.21681902468128927 0.285521396326961 0.21749085435053467 0.2953972941061665 0.22004380709330915 0.3292575150600326 0.1286077891219596 0.3319448341813852 0.12538300670993974 0.28820871544831367
0 0.09286645072311701 0.15666444436430024 0.18242134562093745 0.15404430821704318 0.18322754122379326 0.1643233038646902 0.18564612803295732 0.1981163418396871 0.09609123313454017 0.2007364779869442 0.09286645072311701 0.15666444436430024
0 0.040530919496240346 0.4401094289005608 0.037440503017830876 0.39791851866238637 0.12686103198204093 0.3952983825151293 0.12706258088275488 0.39764978675168317 0.12854060615485605 0.41753594826305884 0.1300858143940608 0.4378923906217453 0.1303545462612816 0.4415202714377195 0.04375570190766351 0.4440732246061074 0.04086683433056469 0.4442075905638458 0.040530919496240346 0.4401094289005608
0 0.1286077891219596 0.3319448341813852 0.22004380709330915 0.3292575150600326 0.22085000269616492 0.34007397453385957 0.22333577247183584 0.3737998295299873 0.1830259923230793 0.37494194015644283 0.13189975450048633 0.3764871486513399 0.1286077891219596 0.3319448341813852
0 0.5394988147750391 0.0732903685614421 0.5411112059807507 0.10526946612606508 0.4049313320437444 0.10802396823106056 0.40325175787092926 0.07604487066166393 0.5394988147750391 0.0732903685614421
0 0.08196970348084803 0.0 0.18011333635515409 0.0 0.18060740551391521 0.007585415991144143 0.08688716666760872 0.010071186180662807 0.08265463975201913 0.010205552138401212 0.08196970348084803 0.0
0 0.8095071588069912 0.46207826273301356 0.9572425030529895 0.457577003201287 0.9585861623914803 0.4755820413281932 0.9449480201076487 0.47598513919663477 0.9474337898833195 0.5085017005874377 0.8133365879211529 0.5125998622507227 0.8095071588069912 0.46207826273301356
0 0.8133365879211529 0.5125998622507227 0.9474337898833195 0.5085017005874377 0.9611391151342548 0.5080986027189962 0.9625499574392524 0.52576772595633 0.9485087173539928 0.5261708238247715 0.950725755262443 0.5557313341835187 0.9096769624773374 0.556806261831105 0.8169644681346007 0.5597623128679345 0.8133365879211529 0.5125998622507227
0 0.805610546725726 0.4112879312998276 0.9397749316549961 0.40718976963654263 0.9423278843977706 0.44037816081126396 0.9558988437150955 0.4399750629428224 0.9572425030529895 0.457577003201287 0.8095071588069912 0.46207826273301356 0.805610546725726 0.4112879312998276
0 0.8953669905242604 0.3108493790646848 0.8974496624985034 0.3381256681657473 0.8830053246118159 0.33852876603418885 0.8844833498839171 0.3578774637241582 0.8317447208556126 0.3594898551979245 0.832215001624144 0.3658050551400249 0.7521329050610724 0.3682236423506744 0.7481019270461968 0.3153506385964113 0.8953669905242604 0.3108493790646848
0 0.7440037660642176 0.26200735399961117 0.7933160637803851 0.2605293284788096 0.8248920582301449 0.2595887667889617 0.8260341686679218 0.27483930281087243 0.8620442389345818 0.2736971921844169 0.8924781229471616 0.2727566304897953 0.8953669905242604 0.3108493790646848 0.7481019270461968 0.3153506385964113 0.7440037660642176 0.26200735399961117
0 0.5358709345615914 0.4563005266170931 0.43314817814787393 0.4592565776539225 0.4180991935590446 0.4596596755223641 0.41541187488265974 0.422440305663227 0.5331836158846098 0.4190139737790867 0.5358709345615914 0.4563005266170931
0 0.43314817814787393 0.4592565776539225 0.5358709345615914 0.4563005266170931 0.5386254362050797 0.49432609221311336 0.4359026797913624 0.4973493262240384 0.43314817814787393 0.4592565776539225
0 0.39209938536276845 0.3251593533967476 0.47963879125344944 0.32274076618609815 0.48387131816903906 0.3831382634830128 0.39633191227835807 0.38555685069366225 0.39209938536276845 0.3251593533967476
0 0.5014732555006428 0.14383249554826535 0.5057057824162324 0.22666910752494351 0.4041923194073954 0.2286845968671514 0.3999597924918058 0.14584798489047324 0.5014732555006428 0.14383249554826535
0 0.4359026797913624 0.4973493262240384 0.5386254362050797 0.49432609221311336 0.5413799378485682 0.5320829258936568 0.4386571814348508 0.5350389769304863 0.4359026797913624 0.4973493262240384
0 0.5442016224585634 0.5709818702054295 0.4681505039109643 0.5731989084842449 0.4262283325558995 0.5744082020895697 0.4234066479453075 0.5354420747989278 0.4386571814348508 0.5350389769304863 0.5413799378485682 0.5320829258936568 0.5442016224585634 0.5709818702054295
0 0.3882027732820999 0.2691287496738211 0.4907911637610135 0.2662398816158609 0.49468777584227874 0.3223376683176566 0.47963879125344944 0.32274076618609815 0.39209938536276845 0.3251593533967476 0.3882027732820999 0.2691287496738211
0 0.12511427484212226 0.07705261533038106 0.20942889832078335 0.07449966216676683 0.21218339996427177 0.11118156819972397 0.12786877648561065 0.11373452136811184 0.12511427484212226 0.07705261533038106
0 0.12235977319863382 0.04117690503430707 0.20667439667729492 0.03862395186591921 0.20942889832078335 0.07449966216676683 0.12511427484212226 0.07705261533038106 0.12235977319863382 0.04117690503430707
0 0.39861613315391176 0.0034872543278591708 0.5357365686273843 0.0006655692487681321 0.5394988147750391 0.07295445366709609 0.40231119633386636 0.07577613875096077 0.39861613315391176 0.0034872543278591708
0 0.39843771552008467 0.0 0.5357025162530673 0.0 0.5357365686273843 0.0006655692487681321 0.39861613315391176 0.0034872543278591708 0.39843771552008467 0.0