0 0.9749658567343236 0.05750236870857776 0.935819629869773 0.0 1.0 0.0 1.0 0.05070375506900508 0.9749658567343236 0.05750236870857776
0 0.97053178091802 0.12300577234226812 0.9960613083457647 0.11971380641586629 1.0 0.11920651433338175 1.0 0.20641550466488223 0.997673699552073 0.20671576303469863 0.97053178091802 0.12300577234226812
0 0.997673699552073 0.20671576303469863 1.0 0.20641550466488223 1.0 0.213887578290423 0.997673699552073 0.20671576303469863
1 0.9749658567343236 0.05750236870857776 1.0 0.05070375506900508 1.0 0.08764365735447091 0.9862525951760948 0.08941428329910518 0.9749658567343236 0.05750236870857776
1 0.8105691366931876 0.09142977264131306 0.859545519574434 0.07832909191457499 0.8704963431812841 0.09458737260997648 0.8215199603000377 0.10768805333671455 0.8105691366931876 0.09142977264131306
1 0.8876951827114601 0.182193976033858 0.8773490058067518 0.14725882743240556 0.9043565585065977 0.14410122745896853 0.914702735411306 0.1789691930863254 0.8876951827114601 0.182193976033858
1 0.7886003065117871 0.0589132112505101 0.8375766893930335 0.04581253052377203 0.8485946959669872 0.06207081121917351 0.799551130119234 0.07517149194591158 0.7886003065117871 0.0589132112505101
1 0.8215199603000377 0.10768805333671455 0.8704963431812841 0.09458737260997648 0.8813799838216274 0.1107784703312824 0.8324707839074845 0.12387915105802047 0.8215199603000377 0.10768805333671455
1 0.914702735411306 0.1789691930863254 0.9043565585065977 0.14410122745896853 0.9325734046107272 0.1407420785536975 0.9429195815160323 0.17567722715992357 0.914702735411306 0.1789691930863254
1 0.799551130119234 0.07517149194591158 0.8485946959669872 0.06207081121917351 0.859545519574434 0.07832909191457499 0.8105691366931876 0.09142977264131306 0.799551130119234 0.07517149194591158
1 0.777649482904937 0.04265493055510861 0.8266258657855867 0.029554249828370543 0.8375766893930335 0.04581253052377203 0.7886003065117871 0.0589132112505101 0.777649482904937 0.04265493055510861