0 0.6733756205668207 0.3280118058056501 0.7278610067350438 0.31900928674224 0.7648788215052736 0.3129628187156452 0.7824807588368775 0.35562400979615316 0.8057260653896653 0.41172179649768104 0.7141556814841086 0.42677078358768594 0.6733756205668207 0.3280118058056501
0 0.7141556814841086 0.42677078358768594 0.8057260653896653 0.41172179649768104 0.8231936367876587 0.45397988971452297 0.8463045774062393 0.5100776764112772 0.7548013764677862 0.5251266635012821 0.7141556814841086 0.42677078358768594
0 0.5483481191379751 0.12626132262057527 0.6418668090835676 0.11087642064099959 0.666724506842067 0.17093800304805512 0.6821765892329209 0.20849328779658535 0.5886578992867316 0.22387818977616103 0.5483481191379751 0.12626132262057527
0 0.9279318822085155 0.8580855028849452 1.0 0.85269811482402 1.0 0.9691209293116451 0.9494304316213846 0.972901212430472 0.9279318822085155 0.8580855028849452
0 0.5886578992867316 0.22387818977616103 0.6821765892329209 0.20849328779658535 0.7025330282080131 0.2576712277509966 0.7278610067350438 0.31900928674224 0.6733756205668207 0.3280118058056501 0.6343423167894513 0.3344613717006846 0.5886578992867316 0.22387818977616103
0 0.9046193926886242 0.6248933859568039 1.0 0.6177716327610321 1.0 0.7357276150825977 0.9263866739693107 0.7411871210231251 0.9046193926886242 0.6248933859568039
0 0.9062989668614394 0.7427323295180148 0.9263866739693107 0.7411871210231251 1.0 0.7357276150825977 1.0 0.85269811482402 0.9279318822085155 0.8580855028849452 0.9062989668614394 0.7427323295180148
0 0.3504377676479467 0.0 0.4618459268955188 0.0 0.4625554703872128 0.0028461918800781064 0.3538534299185838 0.013662651353853486 0.3504377676479467 0.0
0 0.07853763150036878 0.2823945636883268 0.16950336870318686 0.26633783192483595 0.1927486752559746 0.3188749207845022 0.21767355598157748 0.37517425642263674 0.1267078187781627 0.391230988181354 0.07853763150036878 0.2823945636883268
0 0.20309485216068288 0.4757471746102642 0.25798333613033403 0.46607282576771253 0.29500115090056384 0.4594888939149403 0.31925420195692134 0.5141758380745426 0.3354452969835275 0.5507905611332294 0.24353899824364653 0.5670488418285533 0.20309485216068288 0.4757471746102642
0 0.5365910999276724 0.8426334179265007 0.6354172442601246 0.8347058265154454 0.6458306041319364 0.8866382685700653 0.6555721343345029 0.9350771957712398 0.6407246986463875 0.9362864893765588 0.5567459900020507 0.9430047871822952 0.5365910999276724 0.8426334179265007
0 0.008062699206253318 0.09945531436695154 0.019349437648024492 0.14507255648427483 0.0 0.14697578017394902 0.0 0.06672458953021228 0.008062699206253318 0.09945531436695154
0 0.5165705757869046 0.7430010614287167 0.6153967201193568 0.7350734700128878 0.6258100799911686 0.7869387290981861 0.6354172442601246 0.8347058265154454 0.5365910999276724 0.8426334179265007 0.5165705757869046 0.7430010614287167
0 0.24353899824364653 0.5670488418285533 0.3354452969835275 0.5507905611332294 0.35640638266135827 0.5981545606820491 0.37978605514775643 0.6509603814524172 0.28787975640787544 0.6671514791736458 0.24353899824364653 0.5670488418285533
0 0.5396143334389784 0.9443484467453519 0.5567459900020507 0.9430047871822952 0.6407246986463875 0.9362864893765588 0.6501974969811364 0.9836504889253784 0.6534930785083674 1.0 0.5507825004330431 1.0 0.5396143334389784 0.9443484467453519
0 0.1267078187781627 0.391230988181354 0.21767355598157748 0.37517425642263674 0.24098604550087205 0.427711345282303 0.25798333613033403 0.46607282576771253 0.20309485216068288 0.4757471746102642 0.16695041596041238 0.4821295575312034 0.1267078187781627 0.391230988181354
0 0.9878590886966121 0.05686130626053885 1.0 0.056504220574167256 1.0 0.18671764017976342 0.9973990699984645 0.18679318587493934 0.9878590886966121 0.05686130626053885
0 0.9878590886966121 0.05686130626053885 0.9580298513861741 0.05773468497628703 0.9538378947585956 0.0 1.0 0.0 1.0 0.056504220574167256 0.9878590886966121 0.05686130626053885
1 0.8419376845570393 0.6418906794149118 0.8621597575985211 0.6721902025267547 0.8374364257736322 0.6787741343795268 0.8172143527321504 0.6484746112629104 0.8419376845570393 0.6418906794149118
1 0.7182538424660878 0.6748775216528681 0.7385430984746731 0.7051770447694846 0.7138197666497843 0.7117609766222568 0.6935305106411989 0.6814614535056404 0.7182538424660878 0.6748775216528681
1 0.7677676890829692 0.6617096579473237 0.7879897621238543 0.6920091810639402 0.7632664302995621 0.6985931129167123 0.7430443572580803 0.6682935898000959 0.7677676890829692 0.6617096579473237
1 0.6688071788169067 0.6881125683325078 0.6890964348248954 0.7184120914491242 0.6643731030000064 0.7249960233018965 0.6440838469920177 0.69469650018528 0.6688071788169067 0.6881125683325078
1 0.8172143527321504 0.6484746112629104 0.8374364257736322 0.6787741343795268 0.8127130939487432 0.6853580662322991 0.7924910209072614 0.6550585431156826 0.8172143527321504 0.6484746112629104
1 0.7430443572580803 0.6682935898000959 0.7632664302995621 0.6985931129167123 0.7385430984746731 0.7051770447694846 0.7182538424660878 0.6748775216528681 0.7430443572580803 0.6682935898000959
1 0.7924910209072614 0.6550585431156826 0.8127130939487432 0.6853580662322991 0.7879897621238543 0.6920091810639402 0.7677676890829692 0.6617096579473237 0.7924910209072614 0.6550585431156826
1 0.6935305106411989 0.6814614535056404 0.7138197666497843 0.7117609766222568 0.6890964348248954 0.7184120914491242 0.6688071788169067 0.6881125683325078 0.6935305106411989 0.6814614535056404
1 0.3935585633651985 0.7898947801302278 0.4188865418922293 0.8187162777308234 0.39543968643872757 0.8269126010573542 0.37011170791169684 0.7981582864356275 0.3935585633651985 0.7898947801302278
1 0.37011170791169684 0.7981582864356275 0.39543968643872757 0.8269126010573542 0.3719928309858226 0.8351761073579803 0.3466648524587918 0.8064217927410272 0.37011170791169684 0.7981582864356275
1 0.3466648524587918 0.8064217927410272 0.3719928309858226 0.8351761073579803 0.3485459755323209 0.84343961366338 0.32321799700529014 0.8146181160675581 0.3466648524587918 0.8064217927410272
1 0.41713978475231056 0.781698456803697 0.4424005803128345 0.8103855884465548 0.4188865418922293 0.8187162777308234 0.3935585633651985 0.7898947801302278 0.41713978475231056 0.781698456803697
1 0.44065382317291585 0.7735021334771661 0.4658474357657395 0.8021892651200241 0.4424005803128345 0.8103855884465548 0.41713978475231056 0.781698456803697 0.44065382317291585 0.7735021334771661
1 0.9511100057941997 0.9886892122832609 0.9634438777881146 1.0 0.9308645276724047 1.0 0.9290068096791888 0.9982963781469437 0.9511100057941997 0.9886892122832609
1 0.9290068096791888 0.9982963781469437 0.9308645276724047 1.0 0.9250872887258298 1.0 0.9290068096791888 0.9982963781469437
1 0.5980635146549738 0.5406459314385955 0.6215103701084754 0.5700048928653686 0.5975260509199354 0.5775965693868531 0.5740791954664337 0.5482376079648538 0.5980635146549738 0.5406459314385955
1 0.5261105570887571 0.5634881439914653 0.5496245955093623 0.5928471054134646 0.5256402763202256 0.600573147892687 0.5021934208673207 0.5712141864706876 0.5261105570887571 0.5634881439914653
1 0.6220478338435137 0.5329198889593733 0.6454275063299119 0.5623460333602416 0.6215103701084754 0.5700048928653686 0.5980635146549738 0.5406459314385955 0.6220478338435137 0.5329198889593733
1 0.5500948762778938 0.5558964674652072 0.5735417317307987 0.5852554288872065 0.5496245955093623 0.5928471054134646 0.5261105570887571 0.5634881439914653 0.5500948762778938 0.5558964674652072
1 0.6459649700655469 0.5253282124378887 0.6694118255190485 0.5546871738598882 0.6454275063299119 0.5623460333602416 0.6220478338435137 0.5329198889593733 0.6459649700655469 0.5253282124378887
1 0.5740791954664337 0.5482376079648538 0.5975260509199354 0.5775965693868531 0.5735417317307987 0.5852554288872065 0.5500948762778938 0.5558964674652072 0.5740791954664337 0.5482376079648538
1 0.6699492892540868 0.5176693529375354 0.6933961447075885 0.5470954973384037 0.6694118255190485 0.5546871738598882 0.6459649700655469 0.5253282124378887 0.6699492892540868 0.5176693529375354
1 0.5021934208673207 0.5712141864706876 0.5256402763202256 0.600573147892687 0.5016559571316856 0.6081648244141715 0.478209101678184 0.5788058629921721 0.5021934208673207 0.5712141864706876
1 0.36050454364333745 0.18833839436982908 0.38422013096405994 0.21749580685999548 0.3599670799077025 0.22535621529218186 0.33618430961987644 0.196265985785658 0.36050454364333745 0.18833839436982908
1 0.4332636968124099 0.16475716906372256 0.4569792841331324 0.19384739857024644 0.43272623307677494 0.20170780700720647 0.40901064575605245 0.17261757749590897 0.4332636968124099 0.16475716906372256
1 0.31193125856351894 0.2041263942178444 0.33564684588424143 0.23321662372914193 0.311393794827884 0.24114421514497084 0.2876782075071615 0.21198680265480446 0.31193125856351894 0.2041263942178444
1 0.4575839308352742 0.15682957764789363 0.48129951815659344 0.18598699013806003 0.4569792841331324 0.19384739857024644 0.4332636968124099 0.16475716906372256 0.4575839308352742 0.15682957764789363
1 0.38475759469969495 0.180477985932869 0.40847318202041744 0.2096353984230354 0.38422013096405994 0.21749580685999548 0.36050454364333745 0.18833839436982908 0.38475759469969495 0.180477985932869
1 0.263425156450804 0.2198472110917645 0.2871407437715265 0.24900462357715725 0.26288769271516904 0.2568650320141173 0.239104922427343 0.22770761952872454 0.263425156450804 0.2198472110917645
1 0.33618430961987644 0.196265985785658 0.3599670799077025 0.22535621529218186 0.33564684588424143 0.23321662372914193 0.31193125856351894 0.2041263942178444 0.33618430961987644 0.196265985785658
1 0.40901064575605245 0.17261757749590897 0.43272623307677494 0.20170780700720647 0.40847318202041744 0.2096353984230354 0.38475759469969495 0.180477985932869 0.40901064575605245 0.17261757749590897
1 0.2876782075071615 0.21198680265480446 0.311393794827884 0.24114421514497084 0.2871407437715265 0.24900462357715725 0.263425156450804 0.2198472110917645 0.2876782075071615 0.21198680265480446