0 0.11608111463465173 0.9706226394984601 0.20724840073878048 0.9679353203771203 0.20960836076648814 1.0 0.118243288008104 1.0 0.11608111463465173 0.9706226394984601
0 0.5670803715363706 0.9989066732728783 0.5671530293130591 1.0 0.5260198857151211 1.0 0.5670803715363706 0.9989066732728783
0 0.4707399969795893 0.9172793549019145 0.5615041852822902 0.9148607676865029 0.5642586869257786 0.9567157630349052 0.47349449862367443 0.9590671672666743 0.4707399969795893 0.9172793549019145
0 0.11292351518973542 0.9280286313920474 0.13630318767613356 0.9271552526762992 0.20482981392961638 0.9254084952495765 0.20724840073878048 0.9679353203771203 0.11608111463465173 0.9706226394984601 0.11292351518973542 0.9280286313920474
0 0.47349449862367443 0.9590671672666743 0.5642586869257786 0.9567157630349052 0.5670803715363706 0.9989066732728783 0.5260198857151211 1.0 0.47616261605268045 1.0 0.47349449862367443 0.9590671672666743
0 0.8720910413308163 0.9937335839572581 0.9386693615436665 0.9917852775939286 0.9635270593027626 0.9910462648359183 0.9641426284925122 1.0 0.872554869631619 1.0 0.8720910413308163 0.9937335839572581
0 0.8460912331345402 0.9507364779871793 0.9356461280329573 0.9481163418399348 0.9362507747350992 0.9590671672666743 0.9386693615436665 0.9917852775939286 0.8720910413308163 0.9937335839572581 0.8493831985136636 0.9944054137411732 0.8460912331345402 0.9507364779871793
0 0.842866450723117 0.9066644443647458 0.9324213456209375 0.9040443082175013 0.9332275412237933 0.9143233038650992 0.9356461280329573 0.9481163418399348 0.8460912331345402 0.9507364779871793 0.842866450723117 0.9066644443647458
0 0.5116544238310844 0.2641264419669193 0.5164915974488159 0.33070477324787817 0.5172306100851648 0.3434023561061141 0.4663731041303893 0.3449475646057774 0.4607297349092054 0.26553728450884495 0.5116544238310844 0.2641264419669193
0 0.4607297349092054 0.26553728450884495 0.4663731041303893 0.3449475646057774 0.41457503663855094 0.3464255901217983 0.4089316674179637 0.2670153100248658 0.4607297349092054 0.26553728450884495
0 0.13778121294823475 0.29489624593084435 0.14308866733449763 0.3761876494122373 0.0845051201848919 0.3777328579071271 0.0839676564492569 0.3687303388437169 0.07919766579862901 0.29644145442573405 0.13778121294823475 0.29489624593084435
0 0.8429336336896238 0.3632213346432996 0.8468302457708892 0.4148178618131224 0.752706909122558 0.4185129256079481 0.7272445646619169 0.4192519383659586 0.7240869652170006 0.3668492154592564 0.8429336336896238 0.3632213346432996
0 0.44117949153696895 0.14218933674721665 0.440977942636255 0.1390317367785683 0.43748442835701434 0.07890297139264389 0.4372828794563004 0.07547663950852003 0.4945899502345189 0.07413297995023695 0.49600079254011326 0.09899068184053128 0.49848656231578414 0.1408456771841599 0.44117949153696895 0.14218933674721665
0 0.19535701559486746 0.29341822041482346 0.1999254573447814 0.3636916154906081 0.20066446998113036 0.3747096238962165 0.14308866733449763 0.3761876494122373 0.13778121294823475 0.29489624593084435 0.19535701559486746 0.29341822041482346
0 0.30298412859282314 0.28045190564588574 0.3082244000119825 0.3609371133856258 0.1999254573447814 0.3636916154906081 0.19535701559486746 0.29341822041482346 0.19468518592562206 0.2832735907249633 0.30298412859282314 0.28045190564588574
0 0.3839396037252573 0.1403753963368514 0.38044608944601666 0.08017944797683173 0.43748442835701434 0.07890297139264389 0.440977942636255 0.1390317367785683 0.3839396037252573 0.1403753963368514
0 0.4089316674179637 0.2670153100248658 0.41457503663855094 0.3464255901217983 0.36284415211441284 0.3478364326637239 0.35726796586033244 0.26849333554566024 0.4089316674179637 0.2670153100248658
0 0.025988756001793 0.28784203323076357 0.07866020206299401 0.28750611834119283 0.07919766579862901 0.29644145442573405 0.0839676564492569 0.3687303388437169 0.0 0.37094543689657145 0.0 0.2889786575010791 0.025988756001793 0.28784203323076357
0 0.7948306293783368 0.07567818844512667 0.8231146584495699 0.07507354164008037 0.883848060541119 0.0736626991029284 0.8861994643831794 0.0736626991029284 0.8894242467951994 0.1298948517574204 0.7979882288232532 0.13197752407848756 0.7948306293783368 0.07567818844512667
0 0.7162265580879632 0.26459672281422786 0.8006755475002347 0.26190940369288807 0.8350060435940796 0.2607001100875691 0.8378277282040749 0.2944931480624047 0.7193841575328795 0.2984569437679323 0.7162265580879632 0.26459672281422786
0 0.7193841575328795 0.2984569437679323 0.8378277282040749 0.2944931480624047 0.8403134979803425 0.32889083284228654 0.7214668295071225 0.3325187136582434 0.7193841575328795 0.2984569437679323
0 0.7214668295071225 0.3325187136582434 0.8403134979803425 0.32889083284228654 0.8429336336896238 0.3632213346432996 0.7240869652170006 0.3668492154592564 0.7214668295071225 0.3325187136582434
0 0.6427283922825417 0.08340423092434895 0.6466250043638071 0.13594131978401522 0.5849510407357918 0.13775526019438047 0.5828011857944453 0.10832911579351218 0.5810544286545266 0.08521817132994057 0.6427283922825417 0.08340423092434895
0 0.7855593799443018 0.528693009664032 0.8869384770189317 0.5256697756483478 0.8886852341588504 0.5526101498597092 0.8895586127288098 0.5651061837861122 0.7880451497199727 0.5678606858863209 0.7855593799443018 0.528693009664032
0 0.11836533550960872 0.0536421716339099 0.14994132995996526 0.05290315887589947 0.1496054151256409 0.04645359297609139 0.32031733405660945 0.04248979727056375 0.3206532488915305 0.04840189934419441 0.34994502246633336 0.04766288658141035 0.35182614553986247 0.08085127775597327 0.38044608944601666 0.08017944797683173 0.3839396037252573 0.1403753963368514 0.3430251768743589 0.14131595803146846 0.34255489610582746 0.13406019639955472 0.17815817606409484 0.13788962615211822 0.17762071232905655 0.12881992410983922 0.1472540112835804 0.12949175388898077 0.14758992611790472 0.13459766022573214 0.12306814319372976 0.13520230702600478 0.11836533550960872 0.0536421716339099
0 0.8272128194315491 0.6817358337372305 0.9260389637640013 0.6789141486581529 0.9275169890361025 0.7078028292328438 0.9279200868375304 0.7175443610542643 0.8299673210750376 0.7201644972015089 0.8272128194315491 0.6817358337372305
0 0.8299673210750376 0.7201644972015089 0.9279200868375304 0.7175443610542643 0.9294652950767351 0.7400506587127896 0.9306074055139152 0.7575854159923013 0.8368871666676088 0.7600711861818081 0.8326546397520191 0.7602055521395459 0.8299673210750376 0.7201644972015089
0 0.7824689634658923 0.48845040578938836 0.7898590898269949 0.48818167387868644 0.8839152435082225 0.4853599887996089 0.886065098449569 0.5136440225740271 0.8869384770189317 0.5256697756483478 0.7855593799443018 0.528693009664032 0.7824689634658923 0.48845040578938836
0 0.015642579096488012 0.051962597181282405 0.055078980675881926 0.05095485250779645 0.056960103749411004 0.0739314310136303 0.06045361802924836 0.13768807721551157 0.021017216449854454 0.13869582188899754 0.006169780761739071 0.1390317367785683 0.0 0.1391895990011673 0.0 0.05234612808062261 0.015642579096488012 0.051962597181282405
0 0.7880451497199727 0.5678606858863209 0.8895586127288098 0.5651061837861122 0.8914397358023388 0.5931214856450548 0.8922459314057913 0.6046097748979717 0.8828403160375492 0.6048785068086736 0.8278846491007945 0.6063565323294682 0.7907324683969543 0.6073642769981804 0.7880451497199727 0.5678606858863209
0 0.8243239518544503 0.6416947787991935 0.8303032359099586 0.6416275958203246 0.8851917198796098 0.6401495703043037 0.9224782665170603 0.6392761915885555 0.9254343170618594 0.6672914934522719 0.9260389637640013 0.6789141486581529 0.8272128194315491 0.6817358337372305 0.8243239518544503 0.6416947787991935
0 0.17049931783577144 0.4849568909311692 0.17137269640573077 0.49953559717386564 0.06952331856256941 0.5020213673633724 0.0670375487868985 0.4619131294464665 0.16888692663005986 0.45936017628286446 0.17049931783577144 0.4849568909311692
0 0.8751142748421222 0.8270526153312067 0.9594288983207834 0.8244996621676046 0.9621833999642718 0.8611815682003866 0.8778687764856107 0.8637345213687623 0.8751142748421222 0.8270526153312067
0 0.8723597731986338 0.7911769050353039 0.9566743966772949 0.7886239518669282 0.9594288983207834 0.8244996621676046 0.8751142748421222 0.8270526153312067 0.8723597731986338 0.7911769050353039
0 0.6841802828690752 0.08219493731902999 0.6880768949503404 0.13473202617869626 0.6466250043638071 0.13594131978401522 0.6427283922825417 0.08340423092434895 0.6841802828690752 0.08219493731902999
0 0.821367901310248 0.044102188744322354 0.8821013034012003 0.04275852918126564 0.883848060541119 0.0736626991029284 0.8231146584495699 0.07507354164008037 0.821367901310248 0.044102188744322354
0 0.7137407883116955 0.23369255289733873 0.7981897777245638 0.2310052337759989 0.8006755475002347 0.26190940369288807 0.7162265580879632 0.26459672281422786 0.7137407883116955 0.23369255289733873
0 0.5782327440439347 0.04665514191269804 0.639839524705443 0.044774018523463896 0.6427283922825417 0.08340423092434895 0.5810544286545266 0.08521817132994057 0.5782327440439347 0.04665514191269804