0 0.3047367834179361 0.6629861345315116 0.40100997500761376 0.6538492495103636 0.4106171392765698 0.6944277682745781 0.4245911963947258 0.7534144230340524 0.32831800480504814 0.7624841250715578 0.3047367834179361 0.6629861345315116
0 0.29089709223339044 0.431272043119391 0.3856250755838634 0.42233670703484977 0.3998678645698369 0.4822639234841675 0.414177836522914 0.5427286037596627 0.37554763054637585 0.5463564845756196 0.31944985317244107 0.5516639398442039 0.29089709223339044 0.431272043119391
0 0.2792744389572949 0.5554261866178986 0.31944985317244107 0.5516639398442039 0.37554763054637585 0.5463564845756196 0.3862969052531087 0.5916378118081457 0.40100997500761376 0.6538492495103636 0.3047367834179361 0.6629861345315116 0.2792744389572949 0.5554261866178986
0 0.03459407345237354 0.717605895712245 0.054211499791116814 0.7659776399345505 0.07913638051671969 0.8273828819046628 0.0 0.8402051241298428 0.0 0.7232070768661276 0.03459407345237354 0.717605895712245
0 0.011819047668117243 0.6615081090154907 0.03459407345237354 0.717605895712245 0.0 0.7232070768661276 0.0 0.6323617489621168 0.011819047668117243 0.6615081090154907
0 0.2624786972285469 0.3113504272418866 0.35720668057901983 0.30241509115734533 0.37151665253150024 0.36274540547510276 0.3856250755838634 0.42233670703484977 0.29089709223339044 0.431272043119391 0.2624786972285469 0.3113504272418866
0 0.015446927881565002 0.1722816626063382 0.01806706359084632 0.20842610481771645 0.0 0.2089439881606261 0.0 0.1727146600065567 0.015446927881565002 0.1722816626063382
0 0.003958640539079881 0.01090814924887116 0.006175678446933303 0.04174513619166505 0.0 0.04192215892720753 0.0 0.011015139549594426 0.003958640539079881 0.01090814924887116
0 0.008527082288993827 0.07439606354005056 0.0108113031639508 0.10664389301999641 0.0 0.10694675042072772 0.0 0.07464048808756156 0.008527082288993827 0.07439606354005056
0 0.006175678446933303 0.04174513619166505 0.008527082288993827 0.07439606354005056 0.0 0.07464048808756156 0.0 0.04192215892720753 0.006175678446933303 0.04174513619166505
0 0.013095524039504479 0.13902608845768002 0.015446927881565002 0.1722816626063382 0.0 0.1727146600065567 0.0 0.1393929338176965 0.013095524039504479 0.13902608845768002
0 0.0108113031639508 0.10664389301999641 0.013095524039504479 0.13902608845768002 0.0 0.1393929338176965 0.0 0.10694675042072772 0.0108113031639508 0.10664389301999641
0 0.01806706359084632 0.20842610481771645 0.020620016333620792 0.24490646191389184 0.0 0.24549790967751636 0.0 0.2089439881606261 0.01806706359084632 0.20842610481771645
0 0.9577552218331624 0.24954208740333467 0.9553366350245951 0.21292736434942153 1.0 0.2117409337190914 1.0 0.2607474480138477 0.9585614174360182 0.2618365723931309 0.9577552218331624 0.24954208740333467
0 0.051860095949653 0.9735730422143871 0.08928100852131073 0.9847925995518285 0.11198885133846347 0.9546274423929498 0.12461924911872543 0.9584568721455133 0.13214374141284174 0.9484466084086173 0.22243764894701112 0.9755213485777166 0.20398640722436898 1.0 0.031909054401579096 1.0 0.051860095949653 0.9735730422143871
0 0.5064200500971193 0.928291714981861 0.5088386369062834 0.9380332468080552 0.5133398956896905 0.9887563952573561 0.47618771498525353 0.9951387781782954 0.47175363916894997 0.9958777909363058 0.47096090678853236 1.0 0.43610172103675965 1.0 0.4143122024565244 0.9520744892245742 0.30755846802852804 0.9595989827719634 0.29748102299104057 0.9374286000030089 0.30258692847658947 0.9363536723554277 0.2887472372920438 0.9073978088018679 0.401748987643366 0.8863023536804946 0.4126998112508128 0.9110928725966937 0.46537125731201384 0.901620072685975 0.47874066772802804 0.899268668454206 0.490632052871941 0.9064572471072508 0.4978206303323297 0.9133770938495939 0.5015156935122843 0.9192891959232246 0.5064200500971193 0.928291714981861
0 0.8432082632426355 0.5446097271488969 0.9397501867001308 0.5018813530847464 0.9937652920998226 0.550454646238885 0.9567474773295928 0.5668472928919466 0.9616518339144278 0.5712813694447828 0.9516415718440437 0.5757154460023927 0.9391455399979889 0.58122445020281 0.933838085611726 0.576454458760403 0.8968202708414962 0.5929142883923335 0.8432082632426355 0.5446097271488969
0 0.7336655579169126 1.0 0.6459616223109977 1.0 0.6443466811740444 0.9762603613357269 0.6503931481966562 0.9761259953779892 0.7318860870647252 0.973841774125089 0.7336655579169126 1.0
0 0.7402167749616974 0.8609743709428918 0.7479428161571243 0.9734386762566494 0.7318860870647252 0.973841774125089 0.6503931481966562 0.9761259953779892 0.6464965361153909 0.9193563788973198 0.6426671070012292 0.8635945070901363 0.7402167749616974 0.8609743709428918
0 0.7261755348764378 0.6513634793208568 0.8039062275974488 0.619854662603695 0.8413943231362101 0.6567381175683101 0.882174384053498 0.696846355485216 0.8045108742995907 0.7283551722071514 0.7261755348764378 0.6513634793208568
0 0.6475042806189606 0.5739686885708962 0.6575817256564481 0.5699377098864997 0.7253021563070752 0.5425270548278297 0.7645370089851584 0.5810900842450722 0.8039062275974488 0.619854662603695 0.7261755348764378 0.6513634793208568 0.6475042806189606 0.5739686885708962
0 0.9567474773295928 0.910958506638956 0.9562100135939577 0.9036355620281733 0.9531195971161449 0.8638632390008382 1.0 0.8624078734799573 1.0 0.9096552289002777 0.9567474773295928 0.910958506638956
0 0.8843242389948446 0.9057854173281094 0.8806963587813968 0.8580855028849452 0.9525149504140031 0.855868464610914 0.9531195971161449 0.8638632390008382 0.9562100135939577 0.9036355620281733 0.8843242389948446 0.9057854173281094
1 0.8811666395499284 0.39566506473419016 0.8784793208735434 0.3582441459433977 0.9065618010440626 0.3574379502065184 0.9092491197204475 0.39492605197617975 0.8811666395499284 0.39566506473419016
0 0.9118692554303255 0.43227978779287696 0.9092491197204475 0.39492605197617975 0.9065618010440626 0.3574379502065184 0.9547319883218566 0.35609429064346165 1.0 0.3547997628394865 1.0 0.42978370964401946 0.9118692554303255 0.43227978779287696
0 0.6649718520169541 0.18625572204876192 0.6862016695620056 0.18565107524848926 0.6856642058269673 0.17832813063293299 0.7801906402767262 0.17557362853272432 0.7865730221336624 0.2643895255615066 0.7304080617926241 0.2660019170352652 0.6708167701388519 0.2677486744667616 0.6649718520169541 0.18625572204876192
0 0.5743420296484603 0.1401681990841301 0.6193546174819345 0.13895890547881115 0.6575145426893446 0.1379511608053252 0.660269044332833 0.1785968625484085 0.5770965312919487 0.18081390082243978 0.5743420296484603 0.1401681990841301
0 0.6846564613233975 0.39459013708660895 0.6829097041834788 0.3597893544382874 0.7679633402978923 0.35804259700679103 0.7700460122721352 0.3990242136394451 0.7715240375442365 0.4276441623034341 0.6864704014298231 0.4293909197349305 0.6846564613233975 0.39459013708660895
1 0.34262797675812523 0.1635478754584036 0.36244695199817917 0.16301041163222618 0.41901501014064546 0.16173393504803835 0.4222397925526653 0.16153238611620535 0.42338190299044215 0.18041080295400014 0.3437700871959021 0.18235910932210317 0.34262797675812523 0.1635478754584036
1 0.14537878589524555 0.16972870943796253 0.17406591276790656 0.169056879658821 0.17621576770925315 0.20526850484429449 0.14746145786948858 0.20594033462820965 0.14537878589524555 0.16972870943796253
0 0.281155562030824 0.05061328929733741 0.4105499563094662 0.04725414039208242 0.4173354359678303 0.14319143309504068 0.36117047562679194 0.14419917776852664 0.2874035779541498 0.14608030115298715 0.281155562030824 0.05061328929733741
0 0.42613640463393054 0.22495311742374222 0.3465245888393905 0.22690142379184525 0.3437700871959021 0.18235910932210317 0.42338190299044215 0.18041080295400014 0.42613640463393054 0.22495311742374222
0 0.5963780427963676 0.05390525522372351 0.5954374812599015 0.03999837876016868 0.6856642058269673 0.037512608570661875 0.6885530734040661 0.0791660549824575 0.6647031201491366 0.07983788476637269 0.6083366109073842 0.08138309326126242 0.5983263488370003 0.0816518251719643 0.5963780427963676 0.05390525522372351
1 0.36117047562679194 0.14419917776852664 0.4173354359678303 0.14319143309504068 0.41901501014064546 0.16173393504803835 0.36244695199817917 0.16301041163222618 0.36117047562679194 0.14419917776852664
0 0.5938250900535932 0.010303502448598501 0.59313435257422 0.0 0.6835362624202526 0.0 0.6856642058269673 0.037512608570661875 0.5954374812599015 0.03999837876016868 0.5938250900535932 0.010303502448598501
1 0.6569770789543062 0.5188786465428543 0.6045743647603261 0.5191473784535562 0.6043056328925086 0.4996643148107151 0.6567755300535923 0.4993955828952396 0.6569770789543062 0.5188786465428543
1 0.10238168706950743 0.03925936600215825 0.1565311584034063 0.03764697452839964 0.1578748177413004 0.055652012655219886 0.10372534640799821 0.0572644041289785 0.10238168706950743 0.03925936600215825
1 0.6573801767557341 0.5548887227964948 0.604977462561754 0.5551574547071967 0.60477591366104 0.5371524165803765 0.6571786278550202 0.5369508676485435 0.6573801767557341 0.5548887227964948
1 0.09969436839312255 0.0031821067696488773 0.15377665675991792 0.0015697152958902662 0.155120316097812 0.019574753422710513 0.10103802773101664 0.021187144896469123 0.09969436839312255 0.0031821067696488773
1 0.1091671667278715 0.12948610556809248 0.1633166380617704 0.12787371409433387 0.16466029739966448 0.14587875222115412 0.11051082606636228 0.14749114369491273 0.1091671667278715 0.12948610556809248
1 0.6262744630739091 0.4412151238774182 0.6905685624118023 0.4395355494247907 0.6919794047168 0.46110128538869893 0.6276853053789067 0.46278085984132644 0.6262744630739091 0.4412151238774182
1 0.10647984805148664 0.09340884633558312 0.160562136418282 0.09179645486182451 0.16190579575617606 0.10980149298864475 0.10782350738997742 0.11141388446240337 0.10647984805148664 0.09340884633558312
1 0.6571786278550202 0.5369508676485435 0.60477591366104 0.5371524165803765 0.6045743647603261 0.5191473784535562 0.6569770789543062 0.5188786465428543 0.6571786278550202 0.5369508676485435
1 0.11051082606636228 0.14749114369491273 0.16466029739966448 0.14587875222115412 0.16600395673815527 0.16395097332684325 0.11185448540485307 0.16556336480060188 0.11051082606636228 0.14749114369491273
1 0.6276853053789067 0.46278085984132644 0.6919794047168 0.46110128538869893 0.6933902470223943 0.48259983837851195 0.6290961476845011 0.48434659580523465 0.6276853053789067 0.46278085984132644
1 0.6575817256564481 0.5699377098864997 0.6475042806189606 0.5739686885708962 0.6051790114624679 0.574304603460467 0.604977462561754 0.5551574547071967 0.6573801767557341 0.5548887227964948 0.6575817256564481 0.5699377098864997
1 0.10372534640799821 0.0572644041289785 0.1578748177413004 0.055652012655219886 0.1592184770797912 0.07372423376090902 0.10513618871299585 0.07533662523466762 0.10372534640799821 0.0572644041289785
1 0.10782350738997742 0.11141388446240337 0.16190579575617606 0.10980149298864475 0.1633166380617704 0.12787371409433387 0.1091671667278715 0.12948610556809248 0.10782350738997742 0.11141388446240337
1 0.10103802773101664 0.021187144896469123 0.155120316097812 0.019574753422710513 0.1565311584034063 0.03764697452839964 0.10238168706950743 0.03925936600215825 0.10103802773101664 0.021187144896469123
1 0.10513618871299585 0.07533662523466762 0.1592184770797912 0.07372423376090902 0.160562136418282 0.09179645486182451 0.10647984805148664 0.09340884633558312 0.10513618871299585 0.07533662523466762
1 0.09945778056845245 0.0 0.1536599493225491 0.0 0.15377665675991792 0.0015697152958902662 0.09969436839312255 0.0031821067696488773 0.09945778056845245 0.0