0 0.7649627887839456 0.2139945484459623 0.7976540210527012 0.20859303781204788 0.8198647103006219 0.20496515753617942 0.8304258728830235 0.23056186837386036 0.8443730570569481 0.2642205353839568 0.7894308257593095 0.27324992629373973 0.7649627887839456 0.2139945484459623
0 0.7894308257593095 0.27324992629373973 0.8443730570569481 0.2642205353839568 0.8548536000777831 0.28957538753944406 0.8687201646897831 0.3232340545466763 0.8138182431731068 0.3322634454564592 0.7894308257593095 0.27324992629373973
0 0.689946286623659 0.09294427655586751 0.7460575015656233 0.08371333674234706 0.7609721204797785 0.11975028082170214 0.7702433700753254 0.1422834483162711 0.7141321551330029 0.15151438812979157 0.689946286623659 0.09294427655586751
0 0.9176965484218312 0.5320387193457884 0.979168964216742 0.5274434043296884 0.9856185291528058 0.5617470278323178 0.9920680940885115 0.5963328198013255 0.9305956782936007 0.6009281348174256 0.9176965484218312 0.5320387193457884
0 0.7141321551330029 0.15151438812979157 0.7702433700753254 0.1422834483162711 0.7824572336725262 0.17179020789619878 0.7976540210527012 0.20859303781204788 0.7649627887839456 0.2139945484459623 0.7415428061107368 0.21786428740688868 0.7141321551330029 0.15151438812979157
0 0.9037090544669444 0.39212347001831344 0.9641737257410203 0.3876087745648541 0.9710263884852748 0.42412943601432496 0.9772744045168852 0.4573850052140821 0.9662295245643683 0.45823151061035267 0.9167694234622049 0.46189970067040564 0.9037090544669444 0.39212347001831344
0 0.9047167989881372 0.4628268256293169 0.9167694234622049 0.46189970067040564 0.9662295245643683 0.45823151061035267 0.9726790895000741 0.49277699280090415 0.979168964216742 0.5274434043296884 0.9176965484218312 0.5320387193457884 0.9047167989881372 0.4628268256293169
0 0.5669032001017262 0.0 0.6337602006805851 0.0 0.6384706964791099 0.01889520913537385 0.5732494710650896 0.025385083853480914 0.5669032001017262 0.0
0 0.40805998914494557 0.18662420725023537 0.4626394324146396 0.17699016962637565 0.4765866165885642 0.2085124182494072 0.4915415452836816 0.24229201460346467 0.4369621020136295 0.2519260522244602 0.40805998914494557 0.18662420725023537
0 0.4827943228392123 0.3026357565325705 0.5157274137930256 0.29683114809118094 0.5379381030409462 0.29288078956761393 0.5524899339275149 0.3256929511785756 0.5622045911122148 0.3476617817432523 0.5070608109104808 0.3574167487082089 0.4827943228392123 0.3026357565325705
0 0.6828920749749511 0.5227674697509476 0.7421877626043432 0.5180109156124304 0.7484357786359536 0.5491703762064429 0.7542806968590151 0.5782337282004394 0.7453722352914127 0.578959304255613 0.694985009229623 0.5829902823389566 0.6828920749749511 0.5227674697509476
0 0.29261277679262676 0.05589958795496051 0.3590029858513309 0.04936940345839728 0.3657750290340188 0.07686067399808524 0.37254707221670674 0.10423101519381217 0.30615686315800256 0.1107611996903754 0.29261277679262676 0.05589958795496051
0 0.6708797602818456 0.4629880647517341 0.7301754479112377 0.45823151061035267 0.7364234639428481 0.48935066142877326 0.7421877626043432 0.5180109156124304 0.6828920749749511 0.5227674697509476 0.6708797602818456 0.4629880647517341
0 0.5070608109104808 0.3574167487082089 0.5622045911122148 0.3476617817432523 0.5747812427373601 0.3760801772418515 0.5888090464728511 0.40776366498730027 0.5336652662711172 0.41747832217380065 0.5070608109104808 0.3574167487082089
0 0.696597400463818 0.6430518558045484 0.7572636206416313 0.6381743723220701 0.7632294682075799 0.6678020612459588 0.7691953157731702 0.6974700599511678 0.7085290955949989 0.7023475434336461 0.696597400463818 0.6430518558045484
0 0.2788436681125958 0.0 0.3468088944409997 0.0 0.3514650568325078 0.018854899354053503 0.3590029858513309 0.04936940345839728 0.29261277679262676 0.05589958795496051 0.2788436681125958 0.0
0 0.6847060151132414 0.583796477956771 0.694985009229623 0.5829902823389566 0.7453722352914127 0.578959304255613 0.7510559143909833 0.6073776997542123 0.7572636206416313 0.6381743723220701 0.696597400463818 0.6430518558045484 0.6847060151132414 0.583796477956771
0 0.4369621020136295 0.2519260522244602 0.4915415452836816 0.24229201460346467 0.5055290392382105 0.2738142632264962 0.5157274137930256 0.29683114809118094 0.4827943228392123 0.3026357565325705 0.46110766074236925 0.3064651857150407 0.4369621020136295 0.2519260522244602
0 0.9759038719681059 0.16340577347894888 0.9716310351979189 0.1635267028229099 0.9690915190044557 0.12898122063522258 1.0 0.128076322512076 1.0 0.17497563031171787 0.9768309969277322 0.17565994685712513 0.9759038719681059 0.16340577347894888
0 0.9536528729392231 0.05130427293886046 1.0 0.04994112214195343 1.0 0.128076322512076 0.9690915190044557 0.12898122063522258 0.9593768618197558 0.12926338910160082 0.9536528729392231 0.05130427293886046
0 0.9536528729392231 0.05130427293886046 0.9357553302420937 0.0518283000902966 0.9330948847061016 0.015186709296864697 1.0 0.01321989225559444 1.0 0.04994112214195343 0.9536528729392231 0.05130427293886046
0 0.9330948847061016 0.015186709296864697 0.9319712574605212 0.0 1.0 0.0 1.0 0.01321989225559444 0.9330948847061016 0.015186709296864697
0 0.9999688111349211 0.7175846405951578 1.0 0.7176073897116818 1.0 0.7489297271474421 0.9748961274469131 0.7312093465239049 0.9999688111349211 0.7175846405951578
1 0.8661000289347534 0.40232184457492964 0.8782332729703877 0.4205015557355923 0.863399273617799 0.42445191425915935 0.8512660295821648 0.4062722030956325 0.8661000289347534 0.40232184457492964
1 0.7918897223912061 0.42211394697122107 0.8040632762078027 0.4402936581347479 0.7892292768552142 0.4442440166583149 0.7770557230386176 0.42606430549478813 0.7918897223912061 0.42211394697122107
1 0.8215980308773456 0.41421322992408693 0.8337312749126219 0.4323929410876138 0.8188972755603913 0.43634329961118085 0.8067640315247571 0.418163588447654 0.8215980308773456 0.41421322992408693
1 0.762221723686387 0.43005497379681135 0.7743952775026255 0.44823468496033814 0.7595612781500369 0.4521850434839052 0.7473877243337984 0.43400533232037836 0.762221723686387 0.43005497379681135
1 0.8512660295821648 0.4062722030956325 0.863399273617799 0.42445191425915935 0.8485652742652104 0.4284022727827264 0.8364320302295762 0.41022256161919957 0.8512660295821648 0.4062722030956325
1 0.8067640315247571 0.418163588447654 0.8188972755603913 0.43634329961118085 0.8040632762078027 0.4402936581347479 0.7918897223912061 0.42211394697122107 0.8067640315247571 0.418163588447654
1 0.8364320302295762 0.41022256161919957 0.8485652742652104 0.4284022727827264 0.8337312749126219 0.4323929410876138 0.8215980308773456 0.41421322992408693 0.8364320302295762 0.41022256161919957
1 0.7770557230386176 0.42606430549478813 0.7892292768552142 0.4442440166583149 0.7743952775026255 0.44823468496033814 0.762221723686387 0.43005497379681135 0.7770557230386176 0.42606430549478813
1 0.5970725515468471 0.49112429178395506 0.6122693389270222 0.508417187769891 0.5982012254105689 0.5133349810336896 0.5830044380303938 0.496082394829074 0.5970725515468471 0.49112429178395506
1 0.5830044380303938 0.496082394829074 0.5982012254105689 0.5133349810336896 0.5841331118944735 0.5182930840759444 0.5689363245142984 0.501040497874193 0.5830044380303938 0.496082394829074
1 0.5689363245142984 0.501040497874193 0.5841331118944735 0.5182930840759444 0.57006499837802 0.5232511871210634 0.554868210997845 0.5059582911379916 0.5689363245142984 0.501040497874193
1 0.6112212846248671 0.4862064985201564 0.6263777622244379 0.5034187749434517 0.6122693389270222 0.508417187769891 0.5970725515468471 0.49112429178395506 0.6112212846248671 0.4862064985201564
1 0.6253297079222828 0.48128870525635775 0.6404458757405332 0.498500981679653 0.6263777622244379 0.5034187749434517 0.6112212846248671 0.4862064985201564 0.6253297079222828 0.48128870525635775
1 0.9316034228147936 0.610400933318868 0.9490978677033741 0.62644422609533 0.9358359498040182 0.6322085247582634 0.9183415049154376 0.6161652319789372 0.9316034228147936 0.610400933318868
1 0.9050795870160817 0.6219295306418706 0.9225740319046624 0.6379728234183325 0.9093121140049484 0.6437371220812659 0.8918176691167258 0.6276535195206194 0.9050795870160817 0.6219295306418706
1 0.8387296877379817 0.6507107141666246 0.8562241326265624 0.6667943167272711 0.8429622147272064 0.6725183056060199 0.8254677698386258 0.656475012829558 0.8387296877379817 0.6507107141666246
1 0.8652535235370516 0.639182116843622 0.8827479684256323 0.6552657194042685 0.8694860505259183 0.6610300180643377 0.8519916056373377 0.6449464155065554 0.8652535235370516 0.639182116843622
1 0.8519916056373377 0.6449464155065554 0.8694860505259183 0.6610300180643377 0.8562241326265624 0.6667943167272711 0.8387296877379817 0.6507107141666246 0.8519916056373377 0.6449464155065554
1 0.9183415049154376 0.6161652319789372 0.9358359498040182 0.6322085247582634 0.9225740319046624 0.6379728234183325 0.9050795870160817 0.6219295306418706 0.9183415049154376 0.6161652319789372
1 0.8918176691167258 0.6276535195206194 0.9093121140049484 0.6437371220812659 0.8960501961055924 0.6495014207413351 0.8785557512170118 0.6334178181835528 0.8918176691167258 0.6276535195206194
1 0.8785557512170118 0.6334178181835528 0.8960501961055924 0.6495014207413351 0.8827479684256323 0.6552657194042685 0.8652535235370516 0.639182116843622 0.8785557512170118 0.6334178181835528
1 0.7197755244519692 0.3415750048326203 0.7338436379684226 0.35919037906625484 0.719453046205345 0.3637453843010346 0.7053849326888916 0.3461300100702642 0.7197755244519692 0.3415750048326203
1 0.6766037491623784 0.35528033032400813 0.6907121724597941 0.3728957045547785 0.6763215806963585 0.3775313293521989 0.6622534671802631 0.35991595512142854 0.6766037491623784 0.35528033032400813
1 0.7341661162150468 0.33693938003519996 0.7481939199505379 0.35459506404729063 0.7338436379684226 0.35919037906625484 0.7197755244519692 0.3415750048326203 0.7341661162150468 0.33693938003519996
1 0.690994340925814 0.3507253250863643 0.7050624544419094 0.3683406993171346 0.6907121724597941 0.3728957045547785 0.6766037491623784 0.35528033032400813 0.690994340925814 0.3507253250863643
1 0.74851639819752 0.3323843748004202 0.7625845117139735 0.3499997490311906 0.7481939199505379 0.35459506404729063 0.7341661162150468 0.33693938003519996 0.74851639819752 0.3323843748004202
1 0.7053849326888916 0.3461300100702642 0.719453046205345 0.3637453843010346 0.7050624544419094 0.3683406993171346 0.690994340925814 0.3507253250863643 0.7053849326888916 0.3461300100702642
1 0.7629069899605977 0.3277890597843202 0.776975103477051 0.3454447437964109 0.7625845117139735 0.3499997490311906 0.74851639819752 0.3323843748004202 0.7629069899605977 0.3277890597843202
1 0.6622534671802631 0.35991595512142854 0.6763215806963585 0.3775313293521989 0.661930988933281 0.3820863345869786 0.6478628754168275 0.36447096035620824 0.6622534671802631 0.35991595512142854
1 0.5772401393692567 0.13019051406051207 0.5914694920088431 0.14768495895018555 0.5769176611222745 0.15240120330738247 0.5626479987017258 0.1349470682018935 0.5772401393692567 0.13019051406051207
1 0.6208956320289627 0.11604178098319298 0.6351249846685492 0.13349591608868194 0.6205731537819805 0.13821216044874302 0.6063438011423941 0.12075802534038989 0.6208956320289627 0.11604178098319298
1 0.5480961678151571 0.1396633125590904 0.5623255204547436 0.15711744766744354 0.5477736895681748 0.16187400180882497 0.5335443369285884 0.1443795569191515 0.5480961678151571 0.1396633125590904
1 0.6354877726961357 0.11128522684181154 0.6497171253360802 0.12877967173148502 0.6351249846685492 0.13349591608868194 0.6208956320289627 0.11604178098319298 0.6354877726961357 0.11128522684181154
1 0.5917919702558254 0.12547426970045097 0.6060213228954119 0.14296871459012445 0.5914694920088431 0.14768495895018555 0.5772401393692567 0.13019051406051207 0.5917919702558254 0.12547426970045097
1 0.5189925060420197 0.1490958012792126 0.5332218586816062 0.1665902461660219 0.5186700277950376 0.171306490526083 0.5044003653744888 0.15381204563927367 0.5189925060420197 0.1490958012792126
1 0.5626479987017258 0.1349470682018935 0.5769176611222745 0.15240120330738247 0.5623255204547436 0.15711744766744354 0.5480961678151571 0.1396633125590904 0.5626479987017258 0.1349470682018935
1 0.6063438011423941 0.12075802534038989 0.6205731537819805 0.13821216044874302 0.6060213228954119 0.14296871459012445 0.5917919702558254 0.12547426970045097 0.6063438011423941 0.12075802534038989
1 0.5335443369285884 0.1443795569191515 0.5477736895681748 0.16187400180882497 0.5332218586816062 0.1665902461660219 0.5189925060420197 0.1490958012792126 0.5335443369285884 0.1443795569191515