0 0.9279318822085155 0.10808550288426783 1.0 0.1026981148233169 1.0 0.21912092931149765 0.9494304316213846 0.2229012124303426 0.9279318822085155 0.10808550288426783
0 0.9076619193988933 0.0 1.0 0.0 1.0 0.1026981148233169 0.9279318822085155 0.10808550288426783 0.9076619193988933 0.0
0 0.5365910999276724 0.0926334179257495 0.6354172442601246 0.08470582651465636 0.6458306041319364 0.13663826856952424 0.6555721343345029 0.18507719577092993 0.6407246986463875 0.18628648937625467 0.5567459900020507 0.19300478718202307 0.5365910999276724 0.0926334179257495
0 0.5179769704920055 0.0 0.6183936265487192 0.0 0.6258100799911686 0.03693872909716903 0.6354172442601246 0.08470582651465636 0.5365910999276724 0.0926334179257495 0.5179769704920055 0.0
0 0.5594333086790323 0.2931074245275935 0.6605436738858447 0.28497828417989274 0.6704867529897218 0.3343577730711464 0.6804298320930022 0.3838044449412692 0.5793194668855931 0.39193358528896993 0.5594333086790323 0.2931074245275935
0 0.5396143334389784 0.19434844674508622 0.5567459900020507 0.19300478718202307 0.6407246986463875 0.18628648937625467 0.6501974969811364 0.2336504889253004 0.6605436738858447 0.28497828417989274 0.5594333086790323 0.2931074245275935 0.5396143334389784 0.19434844674508622
1 0.3935585633651985 0.039894780129224844 0.4188865418922293 0.06871627772995806 0.39543968643872757 0.076912601056528 0.37011170791169684 0.04815828643466399 0.3935585633651985 0.039894780129224844
1 0.37011170791169684 0.04815828643466399 0.39543968643872757 0.076912601056528 0.3719928309858226 0.08517610735719351 0.3466648524587918 0.05642179274010314 0.37011170791169684 0.04815828643466399
1 0.3466648524587918 0.05642179274010314 0.3719928309858226 0.08517610735719351 0.3485459755323209 0.09343961366263265 0.32321799700529014 0.06461811606667307 0.3466648524587918 0.05642179274010314
1 0.41713978475231056 0.0316984568026549 0.4424005803128345 0.0603855884456497 0.4188865418922293 0.06871627772995806 0.3935585633651985 0.039894780129224844 0.41713978475231056 0.0316984568026549
1 0.44065382317291585 0.023502133476084954 0.4658474357657395 0.05218926511907976 0.4424005803128345 0.0603855884456497 0.41713978475231056 0.0316984568026549 0.44065382317291585 0.023502133476084954
1 0.9511100057941997 0.23868921228320694 0.9802674134353921 0.2654280375580894 0.9581642173203813 0.2750352034265917 0.9290068096791888 0.2482963781469356 0.9511100057941997 0.23868921228320694
1 0.9069036135641779 0.25790354401543786 0.9360610212053704 0.2846423692903204 0.9139578250897628 0.29424953515882263 0.884800417449167 0.2674435269002973 0.9069036135641779 0.25790354401543786
1 0.7963204500214232 0.30587219036475916 0.8254778576626156 0.3326781986232845 0.8033746615476047 0.3422181815081439 0.7742172539064123 0.31547935623326145 0.7963204500214232 0.30587219036475916
1 0.8405268422520417 0.28665785863252824 0.8696842498932341 0.3134638668910536 0.8475810537776265 0.3230710327547822 0.818423646136434 0.29626502450103054 0.8405268422520417 0.28665785863252824
1 0.818423646136434 0.29626502450103054 0.8475810537776265 0.3230710327547822 0.8254778576626156 0.3326781986232845 0.7963204500214232 0.30587219036475916 0.818423646136434 0.29626502450103054
1 0.9290068096791888 0.2482963781469356 0.9581642173203813 0.2750352034265917 0.9360610212053704 0.2846423692903204 0.9069036135641779 0.25790354401543786 0.9290068096791888 0.2482963781469356
1 0.884800417449167 0.2674435269002973 0.9139578250897628 0.29424953515882263 0.8918546289747519 0.3038567010225513 0.8626972213335594 0.2770506927687996 0.884800417449167 0.2674435269002973
1 0.8626972213335594 0.2770506927687996 0.8918546289747519 0.3038567010225513 0.8696842498932341 0.3134638668910536 0.8405268422520417 0.28665785863252824 0.8626972213335594 0.2770506927687996