0 0.019864710300693464 0.20496515753617942 0.03042587288309507 0.23056186837386036 0.044373057057019646 0.2642205353839568 0.0 0.2715129526846215 0.0 0.2082098470589796 0.019864710300693464 0.20496515753617942
0 0.0 0.2988255809843018 0.0 0.2715129526846215 0.044373057057019646 0.2642205353839568 0.05485360007785471 0.28957538753944406 0.06872016468985473 0.3232340545466763 0.013818243173178455 0.3322634454564592 0.0 0.2988255809843018
0 0.11769654842190283 0.5320387193457884 0.17916896421681364 0.5274434043296884 0.18561852915287738 0.5617470278323178 0.1920680940885831 0.5963328198013255 0.1305956782936723 0.6009281348174256 0.11769654842190283 0.5320387193457884
0 0.10370905446701598 0.39212347001831344 0.16417372574109199 0.3876087745648541 0.17102638848534643 0.42412943601432496 0.1772744045169568 0.4573850052140821 0.16622952456443993 0.45823151061035267 0.11676942346227655 0.46189970067040564 0.10370905446701598 0.39212347001831344
0 0.1047167989882088 0.4628268256293169 0.11676942346227655 0.46189970067040564 0.16622952456443993 0.45823151061035267 0.17267908950014565 0.49277699280090415 0.17916896421681364 0.5274434043296884 0.11769654842190283 0.5320387193457884 0.1047167989882088 0.4628268256293169
0 0.6437794982852141 0.414979115760581 0.7015434142423357 0.40949698556402586 0.7073077129038308 0.4338440931979612 0.7156921473203557 0.46923608078478324 0.657928231363234 0.47467790119715386 0.6437794982852141 0.414979115760581
0 0.6354756834302557 0.2759506816106969 0.6923124744277511 0.27058948075810285 0.700858147967767 0.30654580527481723 0.7094441312887453 0.34282460803923015 0.6862660073002361 0.34500133620475126 0.6526073402912499 0.34818580889182427 0.6354756834302557 0.2759506816106969
0 0.17590387196817753 0.16340577347894888 0.17163103519799053 0.1635267028229099 0.16909151900452732 0.12898122063522258 0.23931115724390745 0.12692542181079836 0.2632954768491561 0.12619984575562468 0.26579468326201505 0.1605840888208948 0.26192494430037677 0.16070501816199165 0.2628117594790408 0.1731204306654493 0.17683099692780382 0.17565994685712513 0.17590387196817753 0.16340577347894888
0 0.6285020913434725 0.35044315661998604 0.6526073402912499 0.34818580889182427 0.6862660073002361 0.34500133620475126 0.6927155722362999 0.3721701284996048 0.7015434142423357 0.40949698556402586 0.6437794982852141 0.414979115760581 0.6285020913434725 0.35044315661998604
0 0.15365287293929464 0.05130427293886046 0.21669737018743812 0.04945002301817379 0.23358716836337465 0.048966305648058 0.23931115724390745 0.12692542181079836 0.16909151900452732 0.12898122063522258 0.15937686181982744 0.12926338910160082 0.15365287293929464 0.05130427293886046
0 0.42517955673970176 0.4569012878439663 0.48169386949057297 0.44775096759022237 0.4934643254982628 0.4767740098028984 0.5084192541933802 0.5136171495000679 0.4519452512238293 0.5227674697509476 0.42517955673970176 0.4569012878439663
0 0.21669737018743812 0.04945002301817379 0.15365287293929464 0.05130427293886046 0.13575533024216527 0.0518283000902966 0.13309488470617323 0.015186709296864697 0.21399661487084182 0.012808432227606071 0.21669737018743812 0.04945002301817379
0 0.3417786201628903 0.28038475750437974 0.3982526231324412 0.2712747470319562 0.409579671551336 0.2991288056006631 0.42114857865493044 0.3276278206590388 0.3646342659044172 0.33677814091278274 0.3417786201628903 0.28038475750437974
0 0.21399661487084182 0.012808432227606071 0.13309488470617323 0.015186709296864697 0.13197125746059288 0.0 0.21305819505061327 0.0 0.21399661487084182 0.012808432227606071
0 0.3984541720368946 0.391035105936985 0.4438832950539286 0.3836987258226074 0.45496848478740776 0.381884785683241 0.46802885378266834 0.4140923005829901 0.48169386949057297 0.44775096759022237 0.42517955673970176 0.4569012878439663 0.3984541720368946 0.391035105936985
0 0.3646342659044172 0.33677814091278274 0.42114857865493044 0.3276278206590388 0.43219345860744734 0.35491754229498923 0.4438832950539286 0.3836987258226074 0.3984541720368946 0.391035105936985 0.38740929208401964 0.39284904607348714 0.3646342659044172 0.33677814091278274
0 0.31509354524068733 0.21467981471981565 0.37156754821023824 0.2055294944689359 0.38607906931620267 0.2413245798603689 0.3982526231324412 0.2712747470319562 0.3417786201628903 0.28038475750437974 0.31509354524068733 0.21467981471981565
0 0.6184246461311861 0.20399772279594783 0.6752614371286815 0.19863652194335374 0.6838474204493017 0.234834705145126 0.6923124744277511 0.27058948075810285 0.6354756834302557 0.2759506816106969 0.6184246461311861 0.20399772279594783
0 0.40837037812568977 0.12228979701337796 0.4702055819485451 0.12055647643665234 0.47177766340141974 0.14224313853495077 0.4099021497979602 0.14401676889299675 0.40837037812568977 0.12228979701337796
0 0.40147740560047307 0.025465703413257424 0.45287237618309756 0.02401455130291004 0.46331260942332836 0.0237323828365318 0.4646428321911454 0.042234572247757216 0.40276731858768583 0.04400820260580319 0.40147740560047307 0.025465703413257424
0 0.40417816091742736 0.06359875609835705 0.4660536745208869 0.061825125740311085 0.4674242070696662 0.08117382054780706 0.40554869346620664 0.08290714112453268 0.40417816091742736 0.06359875609835705
0 0.40276731858768583 0.04400820260580319 0.4646428321911454 0.042234572247757216 0.4660536745208869 0.061825125740311085 0.40417816091742736 0.06359875609835705 0.40276731858768583 0.04400820260580319
0 0.4069192260149859 0.10233645549466934 0.4687947396188035 0.10060313491794372 0.4702055819485451 0.12055647643665234 0.40837037812568977 0.12228979701337796 0.4069192260149859 0.10233645549466934
0 0.38821548770111713 0.007810019401166737 0.45162277297684705 0.005996079264664598 0.45287237618309756 0.02401455130291004 0.40147740560047307 0.025465703413257424 0.3894650909073676 0.025828491442276363 0.38821548770111713 0.007810019401166737
0 0.40554869346620664 0.08290714112453268 0.4674242070696662 0.08117382054780706 0.4687947396188035 0.10060313491794372 0.4069192260149859 0.10233645549466934 0.40554869346620664 0.08290714112453268
0 0.4099021497979602 0.14401676889299675 0.47177766340141974 0.14224313853495077 0.4733094350736901 0.16413134953412256 0.41147423125119287 0.16590497989216854 0.4099021497979602 0.14401676889299675
0 0.48975582566047365 0.6205993078726201 0.47975900000975386 0.6176163840892847 0.49205348316887926 0.6013312326277648 0.5145060311018574 0.6080629660280656 0.5281307370287999 0.5899638744271795 0.5357089758285852 0.5922615319366615 0.5402236712834718 0.5862553745886703 0.5944000167449752 0.602500216271734 0.5762606153627882 0.626565155439291 0.565175425629309 0.6412782254493666 0.5629180779015077 0.640592959172649 0.5501398773726252 0.6576036866922067 0.4781869185565212 0.6360379539378693 0.48975582566047365 0.6205993078726201
0 0.5260346284244897 0.6830391584074705 0.5263167968905096 0.6869492071497172 0.5389740680772214 0.6865864191235624 0.5390949974197502 0.688319739700288 0.5589274095976987 0.6877554027675316 0.5611444475441797 0.7195598198569414 0.5523569153191061 0.7198016785419993 0.5534855891828278 0.7361674495661598 0.5684405178779451 0.7359255908811019 0.5701335286737067 0.7361271397877036 0.5712218927564661 0.7532587966483582 0.5727939742096987 0.7740586435662015 0.5675537026992812 0.7742198826886187 0.5677955613843388 0.7778477629644872 0.5449399156428119 0.7784927194598843 0.5446980569577542 0.7748648391840158 0.5059200477808793 0.7759128934840239 0.504710754355233 0.7586199975009522 0.49596353191112175 0.7588618561860101 0.4952782656365531 0.7486231718509377 0.5011231838599728 0.7484619327256563 0.5002363686809507 0.7353209441698892 0.48717599968604813 0.735683732196044 0.4856039182328155 0.7127474668939999 0.49277905922405213 0.7125459179902623 0.49080387996227076 0.6840065931477021 0.5260346284244897 0.6830391584074705
0 0.7647894603945745 0.5741624403329113 0.7662406125052784 0.5800073585584853 0.7689413678222328 0.6104412430973242 0.7466500590123876 0.6142706722797944 0.7439896134763955 0.6147140798685898 0.743183417859656 0.6189062970772148 0.724882777353978 0.6222116991053847 0.7095247508503119 0.5884321027541913 0.6454725090809755 0.5929467982105149 0.6394260419534605 0.5796445705294664 0.6424895852980013 0.5789996140369333 0.634185770443043 0.5616260984912209 0.7019868218314887 0.5489688273027054 0.7085573161100813 0.5638431364380624 0.7401601842957195 0.5581594573377697 0.7481818306846579 0.5567486150087426 0.7553166618949323 0.5610617615584644 0.7596298084460816 0.5652136689857691 0.7618468463925626 0.568760929701861 0.7647894603945745 0.5741624403329113
0 0.7531399337294136 0.6644563494364686 0.7356454888408329 0.686022082190806 0.7550344934292704 0.6923104080023113 0.7471337763828608 0.7020653749701321 0.7338315487025426 0.7184714557756129 0.6587747367612937 0.6942452774856387 0.6739312143605065 0.6755415391706757 0.6520026935786059 0.668447017741356 0.6588150465418979 0.6600222735427858 0.6755436055943435 0.6393836657473596 0.7531399337294136 0.6644563494364686
0 0.38382172158840133 0.6786857020764283 0.34814756553702947 0.6420038015045403 0.37575976541850065 0.6312813997964879 0.41147423125119287 0.6679229905899198 0.38382172158840133 0.6786857020764283
0 0.3552420869663416 0.6897708918106354 0.3195276211340074 0.6531293010172036 0.34814756553702947 0.6420038015045403 0.38382172158840133 0.6786857020764283 0.3552420869663416 0.6897708918106354
0 0.32654152300175293 0.7008963913232987 0.29082705716941876 0.664254800532731 0.3195276211340074 0.6531293010172036 0.3552420869663416 0.6897708918106354 0.32654152300175293 0.7008963913232987
0 0.2983649861882419 0.711860651716409 0.2626505203555497 0.6752190609229771 0.29082705716941876 0.664254800532731 0.32654152300175293 0.7008963913232987 0.2983649861882419 0.711860651716409
0 0.19996881113499268 0.7175846405951578 0.23616699433780014 0.7439875470535173 0.2119005062665316 0.7573300845130221 0.17489612744698468 0.7312093465239049 0.19996881113499268 0.7175846405951578
0 0.9668623917917367 0.34395328190474317 1.0 0.32928695008660774 1.0 0.3725045283872783 0.9990295969097729 0.37293601433609885 0.9668623917917367 0.34395328190474317
0 0.9020845739672275 0.6311201606740707 0.8495609295205233 0.6325713127844181 0.8475454404781377 0.6029436238605294 0.8511733207547183 0.6028630042978887 0.9000690849248418 0.6014924717501821 0.9020845739672275 0.6311201606740707
0 0.9050674977498437 0.533772039922514 0.9097031225476172 0.6012506130651241 0.9000690849248418 0.6014924717501821 0.8511733207547183 0.6028630042978887 0.8488353534653504 0.5688012394803171 0.8465376959569448 0.5353441213768224 0.9050674977498437 0.533772039922514
0 0.8966427535523566 0.40800552367235815 0.9432811699950369 0.3891002364565218 0.9657740277089774 0.4112303061407515 0.9902420646843413 0.43529524530830854 0.9436439580226234 0.4542005325270091 0.8966427535523566 0.40800552367235815
0 0.8494400001779946 0.3615686561355135 0.8554864673055096 0.35915006928493454 0.896118726401637 0.34270367869813334 0.9196596384173746 0.36584149290391493 0.9432811699950369 0.3891002364565218 0.8966427535523566 0.40800552367235815 0.8494400001779946 0.3615686561355135
0 0.991531977671554 0.5606586637509894 0.9893552495056772 0.5320387193457884 1.0 0.5317101161962647 1.0 0.5604054144854342 0.991531977671554 0.5606586637509894
1 0.9896374179716971 0.25458649776009706 0.9880250267378603 0.2321339498281688 1.0 0.23179017069184685 1.0 0.2543137982342327 0.9896374179716971 0.25458649776009706
0 0.8599205431988296 0.12894091085390222 0.872658433947108 0.12857812282774747 0.8723359557004838 0.12418435671252079 0.9290518173554504 0.12253165569843585 0.9328812465361264 0.1758211859824065 0.8991822697461779 0.1767886207226381 0.8634274941328814 0.1778366750255104 0.8599205431988296 0.12894091085390222
0 0.8055426488332309 0.10128840119179706 0.832550202002416 0.10056282513662337 0.8554461575245472 0.09995817842254653 0.8570988585393465 0.12434559583780218 0.8071953498480301 0.12567581860418853 0.8055426488332309 0.10128840119179706
0 0.8717313089878397 0.2539415412675641 0.8706832546856846 0.23306107478708005 0.9217154372407226 0.23201302048420774 0.9229650404469731 0.25660198680320095 0.9238518556256371 0.27377395344517585 0.872819673070599 0.2748220077480481 0.8717313089878397 0.2539415412675641
1 0.6665142146842122 0.11531620492801929 0.6784056000347888 0.1149937266803207 0.7123464355097949 0.11422784084382666 0.714281304990614 0.1141069115027298 0.7149665712651827 0.12543395991913062 0.6671994809587808 0.12660294356596394 0.6665142146842122 0.11531620492801929
1 0.5481646981108437 0.11902470476366425 0.5653769745334044 0.11862160695618916 0.5666668875206171 0.14034857883294374 0.5494143013170941 0.14075167664328303 0.5481646981108437 0.11902470476366425
0 0.8157922725387731 0.0 0.8700150826628168 0.0 0.8709251133707422 0.014823921270709943 0.8167487679092389 0.016154144037096287 0.8157922725387731 0.0
0 0.6296307652071941 0.04755546331903096 0.7072674031228685 0.045539974275927084 0.7113386909886021 0.1031023413282992 0.6776397141986537 0.10370698804237603 0.6333795748263035 0.10483566190502483 0.6296307652071941 0.04755546331903096
0 0.7166192722799819 0.15215934462232455 0.6688521819735801 0.15332832826915788 0.6671994809587808 0.12660294356596394 0.7149665712651827 0.12543395991913062 0.7166192722799819 0.15215934462232455
0 0.8187642569516246 0.04953064258081448 0.8181999200199427 0.04118651794488493 0.8723359557004838 0.0396950560532172 0.8740692762768495 0.0646871201796855 0.8597593040753385 0.06509021799002479 0.8259393979428612 0.06601734294893603 0.8199332405963085 0.06617858207135323 0.8187642569516246 0.04953064258081448
1 0.6776397141986537 0.10370698804237603 0.7113386909886021 0.1031023413282992 0.7123464355097949 0.11422784084382666 0.6784056000347888 0.1149937266803207 0.6776397141986537 0.10370698804237603
0 0.8172324852793541 0.02336959481037704 0.8167487679092389 0.016154144037096287 0.8709251133707422 0.014823921270709943 0.8723359557004838 0.0396950560532172 0.8181999200199427 0.04118651794488493 0.8172324852793541 0.02336959481037704
1 0.06610002893482497 0.40232184457492964 0.07823327297045925 0.4205015557355923 0.06339927361787065 0.42445191425915935 0.05126602958223638 0.4062722030956325 0.06610002893482497 0.40232184457492964
1 0.8551236792779231 0.32851463583949386 0.8236820502154178 0.3286758749619111 0.8235208110919268 0.3169860385164913 0.8550027499353943 0.31682479939120994 0.8551236792779231 0.32851463583949386
1 0.5223664383673048 0.04074311035608948 0.5548561217319651 0.039775675615857896 0.5556623173487045 0.05057869688368676 0.5231726339844023 0.051546131623918356 0.5223664383673048 0.04074311035608948
1 0.3245260339593673 0.16735613200251592 0.3566932390770454 0.16679179507262362 0.3571769564471607 0.17775605546286968 0.3250500611104448 0.1783203923956262 0.3245260339593673 0.16735613200251592
1 0.8553655379629808 0.3501206783751516 0.8239239089004755 0.3502819174975688 0.8238029795579467 0.33947889622974 0.8552446086204519 0.3393579668886431 0.8553655379629808 0.3501206783751516
1 0.5207540471334678 0.0190967580391114 0.5532034207171659 0.018129323298879813 0.5540096163339053 0.028932344566708682 0.5215602427502073 0.02989977930694027 0.5207540471334678 0.0190967580391114
1 0.323598908999741 0.14675783398841014 0.3557661141174191 0.1461934970585178 0.3562095217069301 0.15663373029732774 0.32408262636985624 0.15719806723008423 0.323598908999741 0.14675783398841014
1 0.5264377262330384 0.09487914603633069 0.5589274095976987 0.0939117112960991 0.5597336052144382 0.10471473256392796 0.5272439218501358 0.10568216730415955 0.5264377262330384 0.09487914603633069
1 0.8367021094297162 0.28191652917736787 0.8752785697024957 0.2809087846558159 0.8761250751001974 0.2938482243078455 0.8375486148274179 0.29485596882939746 0.8367021094297162 0.28191652917736787
1 0.004063276207874323 0.4402936581347479 0.0 0.441375726256698 0.0 0.4342256529367494 0.004063276207874323 0.4402936581347479
1 0.5248253349992015 0.07323279371935261 0.5572747085828995 0.07226535897912101 0.558080904199639 0.08306838024694989 0.525631530616299 0.08403581498718148 0.5248253349992015 0.07323279371935261
1 0.02159803087741723 0.41421322992408693 0.033731274912693475 0.4323929410876138 0.018897275560462914 0.43634329961118085 0.00676403152482864 0.418163588447654 0.02159803087741723 0.41421322992408693
1 0.05126602958223638 0.4062722030956325 0.06339927361787065 0.42445191425915935 0.048565274265282066 0.4284022727827264 0.0364320302296478 0.41022256161919957 0.05126602958223638 0.4062722030956325
1 0.8552446086204519 0.3393579668886431 0.8238029795579467 0.33947889622974 0.8236820502154178 0.3286758749619111 0.8551236792779231 0.32851463583949386 0.8552446086204519 0.3393579668886431
1 0.5272439218501358 0.10568216730415955 0.5597336052144382 0.10471473256392796 0.5605398008315357 0.11555806361307719 0.5280501174672333 0.11652549835330878 0.5272439218501358 0.10568216730415955
1 0.8375486148274179 0.29485596882939746 0.8761250751001974 0.2938482243078455 0.8769715804982573 0.30674735418141896 0.8383951202254777 0.30779540848142706 0.8375486148274179 0.29485596882939746
1 0.8554864673055096 0.35915006928493454 0.8494400001779946 0.3615686561355135 0.8240448382430043 0.36177020503925106 0.8239239089004755 0.3502819174975688 0.8553655379629808 0.3501206783751516 0.8554864673055096 0.35915006928493454
1 0.5231726339844023 0.051546131623918356 0.5556623173487045 0.05057869688368676 0.556468512965802 0.06142202793283598 0.524019139382104 0.062389462673067574 0.5231726339844023 0.051546131623918356
1 0.525631530616299 0.08403581498718148 0.558080904199639 0.08306838024694989 0.5589274095976987 0.0939117112960991 0.5264377262330384 0.09487914603633069 0.525631530616299 0.08403581498718148
1 0.5215602427502073 0.02989977930694027 0.5540096163339053 0.028932344566708682 0.5548561217319651 0.039775675615857896 0.5223664383673048 0.04074311035608948 0.5215602427502073 0.02989977930694027
1 0.00676403152482864 0.418163588447654 0.018897275560462914 0.43634329961118085 0.004063276207874323 0.4402936581347479 0.0 0.4342256529367494 0.0 0.4199599979044832 0.00676403152482864 0.418163588447654
1 0.32408262636985624 0.15719806723008423 0.3562095217069301 0.15663373029732774 0.3566932390770454 0.16679179507262362 0.3245260339593673 0.16735613200251592 0.32408262636985624 0.15719806723008423
1 0.524019139382104 0.062389462673067574 0.556468512965802 0.06142202793283598 0.5572747085828995 0.07226535897912101 0.5248253349992015 0.07323279371935261 0.524019139382104 0.062389462673067574
1 0.5199478515163704 0.008253426989962185 0.5523972251000684 0.007285992249730595 0.5532034207171659 0.018129323298879813 0.5207540471334678 0.0190967580391114 0.5199478515163704 0.008253426989962185
1 0.0364320302296478 0.41022256161919957 0.048565274265282066 0.4284022727827264 0.033731274912693475 0.4323929410876138 0.02159803087741723 0.41421322992408693 0.0364320302296478 0.41022256161919957
1 0.3243244850549139 0.06823438089577745 0.3256547078230889 0.08818772241448608 0.30844243140052824 0.08867143978460187 0.3070718988513909 0.06871809826589324 0.3243244850549139 0.06823438089577745
1 0.3412545930118127 0.067790973306982 0.342625125560592 0.08774431482569063 0.3256547078230889 0.08818772241448608 0.3243244850549139 0.06823438089577745 0.3412545930118127 0.067790973306982
1 0.3061850836727269 0.05722981072421103 0.27454190570612635 0.058036006339161235 0.27389694921251995 0.04795856112650606 0.30554012717912055 0.047152365511555855 0.3061850836727269 0.05722981072421103
1 0.30683004016633325 0.06734756571532237 0.2751868621997327 0.06815376133313676 0.27454190570612635 0.058036006339161235 0.3061850836727269 0.05722981072421103 0.30683004016633325 0.06734756571532237
1 0.13160342281486515 0.610400933318868 0.14909786770344577 0.62644422609533 0.13583594980408983 0.6322085247582634 0.11834150491550921 0.6161652319789372 0.13160342281486515 0.610400933318868
1 0.10507958701615329 0.6219295306418706 0.12257403190473391 0.6379728234183325 0.10931211400501997 0.6437371220812659 0.09181766911679737 0.6276535195206194 0.10507958701615329 0.6219295306418706
1 0.038729687738053374 0.6507107141666246 0.056224132626634 0.6667943167272711 0.04296221472727808 0.6725183056060199 0.025467769838697453 0.656475012829558 0.038729687738053374 0.6507107141666246
1 0.06525352353712324 0.639182116843622 0.08274796842570387 0.6552657194042685 0.06948605052598993 0.6610300180643377 0.051991605637409295 0.6449464155065554 0.06525352353712324 0.639182116843622
1 0.051991605637409295 0.6449464155065554 0.06948605052598993 0.6610300180643377 0.056224132626634 0.6667943167272711 0.038729687738053374 0.6507107141666246 0.051991605637409295 0.6449464155065554
1 0.11834150491550921 0.6161652319789372 0.13583594980408983 0.6322085247582634 0.12257403190473391 0.6379728234183325 0.10507958701615329 0.6219295306418706 0.11834150491550921 0.6161652319789372
1 0.09181766911679737 0.6276535195206194 0.10931211400501997 0.6437371220812659 0.09605019610566405 0.6495014207413351 0.07855575121708343 0.6334178181835528 0.09181766911679737 0.6276535195206194
1 0.07855575121708343 0.6334178181835528 0.09605019610566405 0.6495014207413351 0.08274796842570387 0.6552657194042685 0.06525352353712324 0.639182116843622 0.07855575121708343 0.6334178181835528