0 0.655981129821125 0.1876722129115758 0.6600121078360006 0.2280491827391836 0.663707171016552 0.2656044674877138 0.6348856782102805 0.2667465781141639 0.6074078447419032 0.26782150576174507 0.6044517941977008 0.23779071456060413 0.5424419157347645 0.24020930177124206 0.5400233289256005 0.21568751477051848 0.53767192508354 0.19237502137511386 0.655981129821125 0.1876722129115758
0 0.9749658567343236 0.8075023687094967 0.9231006062759783 0.731316871564855 1.0 0.7104702675040842 1.0 0.8007037550699565 0.9749658567343236 0.8075023687094967
0 0.2927228277113978 0.18565672356937754 0.2970897205605978 0.24020930177124206 0.20887848500126815 0.24303098685031962 0.20451159215147144 0.1884784086484551 0.2927228277113978 0.18565672356937754
0 0.2977615502298432 0.09509406910909889 0.3016581623111085 0.1481014388208473 0.25254741349565496 0.14951228135799927 0.18173656636721516 0.15159495367906642 0.17777277131944305 0.09865476695096051 0.2977615502298432 0.09509406910909889
0 0.25745177008049 0.0039939508274164535 0.2617514799631831 0.058076248186746074 0.14055340764849927 0.06257750771845114 0.13544750216295032 0.00768901462224221 0.25745177008049 0.0039939508274164535
0 0.5376047421170331 0.10416377115137788 0.5783176200672175 0.10248419669875039 0.5833563425862597 0.15072157496331823 0.49138286087927513 0.15455100471588176 0.48634413836082974 0.10631362645131391 0.5376047421170331 0.10416377115137788
0 0.5678370772288989 0.019378852811765778 0.5868498568655003 0.018639840048981716 0.5916198475167249 0.06560074172936171 0.4823131603459541 0.07003481828697153 0.4775431696947295 0.023073916606591534 0.5678370772288989 0.019378852811765778
0 0.97053178091802 0.8730057723428744 0.9960613083457647 0.8697138064164882 1.0 0.8692065143340061 1.0 0.9564155046650903 0.997673699552073 0.9567157630349052 0.97053178091802 0.8730057723428744
0 0.997673699552073 0.9567157630349052 1.0 0.9564155046650903 1.0 0.9638875782905953 0.997673699552073 0.9567157630349052
1 0.9749658567343236 0.8075023687094967 1.0 0.8007037550699565 1.0 0.8376436573552459 0.9862525951760948 0.8394142832998718 0.9749658567343236 0.8075023687094967
0 0.25389107283414575 0.1679204173532592 0.18308022570570595 0.1700030896743263 0.18173656636721516 0.15159495367906642 0.25254741349565496 0.14951228135799927 0.25389107283414575 0.1679204173532592
1 0.8105691366931876 0.84142977264207 0.859545519574434 0.8283290919153945 0.8704963431812841 0.8445873726107184 0.8215199603000377 0.8576880533373938 0.8105691366931876 0.84142977264207
1 0.8876951827114601 0.9321939760341816 0.8773490058067518 0.897258827432896 0.9043565585065977 0.8941012274594741 0.914702735411306 0.9289691930866645 0.8876951827114601 0.9321939760341816
1 0.7886003065117871 0.8089132112514222 0.8375766893930335 0.7958125305247468 0.8485946959669872 0.8120708112200706 0.799551130119234 0.8251714919467461 0.7886003065117871 0.8089132112514222
1 0.8215199603000377 0.8576880533373938 0.8704963431812841 0.8445873726107184 0.8813799838216274 0.860778470331947 0.8324707839074845 0.8738791510586226 0.8215199603000377 0.8576880533373938
1 0.914702735411306 0.9289691930866645 0.9043565585065977 0.8941012274594741 0.9325734046107272 0.890742078554219 0.9429195815160323 0.9256772271602783 0.914702735411306 0.9289691930866645
1 0.799551130119234 0.8251714919467461 0.8485946959669872 0.8120708112200706 0.859545519574434 0.8283290919153945 0.8105691366931876 0.84142977264207 0.799551130119234 0.8251714919467461
1 0.777649482904937 0.7926549305560984 0.8266258657855867 0.7795542498294229 0.8375766893930335 0.7958125305247468 0.7886003065117871 0.8089132112514222 0.777649482904937 0.7926549305560984