0 0.004520849229580248 0.34174790066083316 0.024138275568920228 0.3411432538605576 0.04160584696631693 0.34060579003437763 0.04509936124615429 0.3864917640673955 0.0 0.38784370517583017 0.0 0.34186441741435813 0.004520849229580248 0.34174790066083316
0 0.002438177255337222 0.3013037478541634 0.021115042057614313 0.30076628403275707 0.024138275568920228 0.3411432538605576 0.004520849229580248 0.34174790066083316 0.0 0.34186441741435813 0.0 0.3013752486647145 0.002438177255337222 0.3013037478541634
0 0.27385736359228696 0.060654320356352875 0.2816505877542208 0.17412637034413816 0.21849859885410441 0.17580594479677367 0.184772749462998 0.1767465064866216 0.18080895441462919 0.11876759640035643 0.17697952530046746 0.06334163948247915 0.27385736359228696 0.060654320356352875
0 0.0 0.11644425355387342 0.0 0.06920175159102801 0.010768865152309326 0.06891782666179203 0.013792098663615242 0.1160802772790038 0.0 0.11644425355387342
0 0.2910562031224629 0.26072522909452894 0.2940122536666653 0.30237867550652336 0.2979088657479305 0.3795047343461503 0.25974894053992387 0.3805124790148674 0.1647522253222301 0.3830654321832553 0.15662308632537525 0.2629422673685708 0.2910562031224629 0.26072522909452894
0 0.002438177255337222 0.3013037478541634 0.0 0.3013752486647145 0.0 0.26902997513774135 0.002438177255337222 0.3013037478541634
0 0.2816505877542208 0.17412637034413816 0.3176606580208809 0.1731186256706474 0.3210869893336147 0.22263248051963944 0.2219249301668382 0.22531979964099208 0.22051408786184057 0.20516490621891323 0.21849859885410441 0.17580594479677367 0.2816505877542208 0.17412637034413816
0 0.7661069621798252 0.11688647301588695 0.7614713374622111 0.05057687364531345 0.8132022219869458 0.04909884812928555 0.8178378467039633 0.11547563047395462 0.7661069621798252 0.11688647301588695
0 0.8178378467039633 0.11547563047395462 0.8132022219869458 0.04909884812928555 0.865604936180926 0.047620822608484006 0.8702405608979435 0.11399760495792671 0.8178378467039633 0.11547563047395462
0 0.6609656189575405 0.1198425240527164 0.6563299942399262 0.05346574170327369 0.708463976566089 0.05205489916611499 0.7130996012837032 0.11836449853191486 0.6609656189575405 0.1198425240527164
0 0.7130996012837032 0.11836449853191486 0.708463976566089 0.05205489916611499 0.7614713374622111 0.05057687364531345 0.7661069621798252 0.11688647301588695 0.7130996012837032 0.11836449853191486
0 0.974508525550269 0.11110873689996648 0.9698729008332515 0.04473195455052376 1.0 0.04389929589524962 1.0 0.1104041985467092 0.974508525550269 0.11110873689996648
0 0.8702405608979435 0.11399760495792671 0.865604936180926 0.047620822608484006 0.9181420163085167 0.046209980071325304 0.9227776410255342 0.11251957944189882 0.8702405608979435 0.11399760495792671
0 0.5550852630989067 0.12279857508477221 0.5531369570582741 0.0949176391834342 0.5509871021175242 0.06468529904554228 0.5504496383818892 0.05642179274010314 0.6039944630130496 0.054943767219301595 0.6086300877306637 0.1213205495687443 0.5550852630989067 0.12279857508477221
0 0.9227776410255342 0.11251957944189882 0.9181420163085167 0.046209980071325304 0.9698729008332515 0.04473195455052376 0.974508525550269 0.11110873689996648 0.9227776410255342 0.11251957944189882
0 0.6086300877306637 0.1213205495687443 0.6039944630130496 0.054943767219301595 0.6563299942399262 0.05346574170327369 0.6609656189575405 0.1198425240527164 0.6086300877306637 0.1213205495687443
0 0.7791404577609183 0.3040582499591589 0.7272080243354696 0.305603458454056 0.7223036677506346 0.23949540802009012 0.7743032841431869 0.23795019952041938 0.7787373599594904 0.2982805138432384 0.7791404577609183 0.3040582499591589
0 0.9352064899050822 0.28759842032714983 0.9303021333202471 0.22115445500361153 0.9821673837785924 0.21967642948281 0.9870045573963239 0.2861203948111219 0.9352064899050822 0.28759842032714983
0 0.9870045573963239 0.2861203948111219 0.9821673837785924 0.21967642948281 1.0 0.2191572519637535 1.0 0.2857425247348253 0.9870045573963239 0.2861203948111219
0 0.7787373599594904 0.2982805138432384 0.7743032841431869 0.23795019952041938 0.7738330033746554 0.2318365485149265 0.8262357175686357 0.2302913400200294 0.8310728911863672 0.2967353053483413 0.7787373599594904 0.2982805138432384
0 0.5690593202176595 0.31628555197014463 0.5642221465993313 0.2500431355784403 0.6181028860654127 0.2484979270835432 0.6230072426502478 0.31474034347047386 0.5690593202176595 0.31628555197014463
0 0.883139690546023 0.2952572798275398 0.8310728911863672 0.2967353053483413 0.8262357175686357 0.2302913400200294 0.8783025169276949 0.2287461315251323 0.8827365927439984 0.2891436288220469 0.883139690546023 0.2952572798275398
0 0.6739319315721267 0.3071486669489531 0.6694978557558232 0.24695271858387247 0.6690275749872917 0.2410406165149872 0.7223036677506346 0.23949540802009012 0.7272080243354696 0.305603458454056 0.6739319315721267 0.3071486669489531
0 0.8827365927439984 0.2891436288220469 0.8783025169276949 0.2287461315251323 0.8778322361597601 0.22269966349850864 0.9303021333202471 0.22115445500361153 0.9352064899050822 0.28759842032714983 0.8827365927439984 0.2891436288220469
0 0.6743350293735546 0.31319513497557677 0.6230072426502478 0.31474034347047386 0.6181028860654127 0.2484979270835432 0.6694978557558232 0.24695271858387247 0.6739319315721267 0.3071486669489531 0.6743350293735546 0.31319513497557677
0 0.7994297137695038 0.38709641086767105 0.9235166536618831 0.38326698111986285 0.9284210102467181 0.4464861634958685 0.8044012533214423 0.45031559324845033 0.7994297137695038 0.38709641086767105
0 0.5247857450205341 0.45925092933303424 0.5200157543693096 0.3962332958888625 0.6426918519566912 0.3925382320940191 0.6474618426073192 0.45555586553819083 0.6418184733867319 0.45575741447002477 0.5329148840167923 0.4590493803964266 0.5247857450205341 0.45925092933303424
0 0.2975729509136062 0.45992275911217895 0.17718107420118143 0.4629459931278776 0.1650209571894509 0.46328190801745 0.16226645554596247 0.41941142332664005 0.29481844926952105 0.4161194574002382 0.2975729509136062 0.45992275911217895
1 0.1726798154177743 0.17708242137619395 0.17469530442551048 0.20644138280310717 0.14486606711507263 0.20724757853999032 0.14285057810793314 0.17788861711307713 0.1726798154177743 0.17708242137619395
1 0.14285057810793314 0.17788861711307713 0.14486606711507263 0.20724757853999032 0.11496964683812791 0.20805377427687347 0.11295415783039173 0.1786948128547339 0.14285057810793314 0.17788861711307713
1 0.11295415783039173 0.1786948128547339 0.11496964683812791 0.20805377427687347 0.08668561776689478 0.2088599700137566 0.0846701287591586 0.17950100859161708 0.11295415783039173 0.1786948128547339