0 0.26789079186596726 0.9145624083589089 0.3609257660662701 0.9119825823830485 0.36350559204033756 0.9491078905465963 0.36423116809586853 0.9597496726891437 0.2712365036765279 0.9623294986650041 0.26789079186596726 0.9145624083589089
0 0.3609257660662701 0.9119825823830485 0.3601598802301349 0.9008570828703852 0.45101812626420296 0.8983175666758453 0.4544041478553679 0.9465683743520562 0.36350559204033756 0.9491078905465963 0.3609257660662701 0.9119825823830485
0 0.07218680584294423 0.7131344334554948 0.13196621084245158 0.7106755368235954 0.1343444879124237 0.7341358292770757 0.07996659354682499 0.7363528672239171 0.07460539269387864 0.736594725908975 0.07218680584294423 0.7131344334554948
0 0.5835566856965537 0.9148445768252871 0.6514786664275283 0.9134740442747162 0.6528895087572698 0.9410862441583653 0.6543406608676157 0.9686984440391501 0.5995596686934682 0.9698271179017989 0.5864186801366411 0.9700689765868568 0.5835566856965537 0.9148445768252871
0 0.0829898271107615 0.8042748479553226 0.08694018563396629 0.8041136088300412 0.142204895178229 0.8018562611047436 0.1445025526866346 0.8242684992553516 0.14095529197197856 0.8244297383806329 0.08528748461916709 0.8266870861059306 0.0829898271107615 0.8042748479553226
0 0.08230456083619285 0.7590472738409033 0.1437366668504994 0.7565077576492274 0.14607463413986727 0.7791215447035729 0.08464252812556071 0.7816207511167926 0.08230456083619285 0.7590472738409033
0 0.07996659354682499 0.7363528672239171 0.1343444879124237 0.7341358292770757 0.14139869956113155 0.7338536608106974 0.1437366668504994 0.7565077576492274 0.08230456083619285 0.7590472738409033 0.07996659354682499 0.7363528672239171
0 0.08464252812556071 0.7816207511167926 0.14607463413986727 0.7791215447035729 0.14837229164827284 0.8015740926383654 0.142204895178229 0.8018562611047436 0.08694018563396629 0.8041136088300412 0.08464252812556071 0.7816207511167926
0 0.5995596686934682 0.9698271179017989 0.6543406608676157 0.9686984440391501 0.6681669156990114 0.9687790636017908 0.6699405460563395 0.9980036547153402 0.670062274427294 1.0 0.6012455460601622 1.0 0.5995596686934682 0.9698271179017989
0 0.5729552133331898 0.6772990382798773 0.627413727260355 0.6755657177031517 0.6307997488518781 0.7180119169379731 0.576381544705317 0.7197452375146987 0.5729552133331898 0.6772990382798773
0 0.608226271576371 0.7702533929190715 0.6067348096847048 0.765134050748671 0.6373299333495083 0.7615061704728026 0.6710289101394568 0.757475192389459 0.6736490458944866 0.7762192404828782 0.6174572113905975 0.7829509738860431 0.6121766300995758 0.7835959303785761 0.608226271576371 0.7702533929190715
0 0.9045434705991242 0.9307669402606522 0.9009559001035059 0.8890463170810045 0.9345339475509256 0.8878773334370353 0.9347758062359832 0.8905377789726722 0.9366300561548777 0.9121841312867861 0.9381215180465439 0.9295979566138188 0.9045434705991242 0.9307669402606522
0 0.7477787328764672 0.9275824675735792 0.749068645863322 0.9275421577922588 0.7874435572320062 0.9266956523931241 0.7878869648211592 0.9349188476879567 0.7889753289042766 0.9544287816178699 0.7493105045487376 0.9552752870170047 0.7477787328764672 0.9275824675735792
0 0.7339121682641092 0.717125101757518 0.7626127322286977 0.7164398354836646 0.7880885137256125 0.715835188772452 0.7882094430681413 0.7178506778126916 0.789620285397883 0.7414318996101329 0.7897009049594494 0.7427218125980631 0.7355648692789084 0.7440520353644494 0.7339121682641092 0.717125101757518
0 0.7323803965918388 0.6914477713571964 0.7865164322723799 0.69011754859081 0.7880885137256125 0.715835188772452 0.7626127322286977 0.7164398354836646 0.7339121682641092 0.717125101757518 0.7323803965918388 0.6914477713571964
0 0.8708848035897799 0.9317746847822042 0.8675794015601815 0.890013751821236 0.9009559001035059 0.8890463170810045 0.9045434705991242 0.9307669402606522 0.8708848035897799 0.9317746847822042
0 0.8370648974573026 0.9328227390822122 0.8337998052086665 0.8911021159025645 0.8675794015601815 0.890013751821236 0.8708848035897799 0.9317746847822042 0.8370648974573026 0.9328227390822122
0 0.5379663235560286 0.7922625332622043 0.5684808276589075 0.7886346529863358 0.6121766300995758 0.7835959303785761 0.6174572113905975 0.7829509738860431 0.6191502221863591 0.8185445103766027 0.5822667727093409 0.8195925646766108 0.5401430517219054 0.8209227874458613 0.5379663235560286 0.7922625332622043
0 0.9903629940268701 0.8864664911051441 0.9901211353418125 0.8829192303919163 1.0 0.8826502514043547 1.0 0.9267690615632576 0.978995635827371 0.9273406088885213 0.9787940869232756 0.9247204731313405 0.9720220437405878 0.9249220220350781 0.9710546090003572 0.911015147642817 0.969401907985558 0.8870308280379006 0.9903629940268701 0.8864664911051441
0 0.9652500005578998 0.7976640438961187 0.9638391582281582 0.7791618544848933 1.0 0.7780676503389309 1.0 0.8180011111885374 0.9668623917917367 0.8189879179653982 0.9652500005578998 0.7976640438961187
0 0.7514469229336521 0.9745030524805396 0.8111457083712349 0.9725278732187561 0.8134250551345761 1.0 0.7535252767342424 1.0 0.7514469229336521 0.9745030524805396
0 0.8867191006320978 1.0 0.8263439239085538 1.0 0.8263424957514099 0.9999788339771237 0.8866056181210326 0.9983261329630387 0.8867191006320978 1.0
0 0.9394114310333986 0.9606767976509192 0.9405401048974783 0.9745030524805396 0.9415075396377088 0.9864750573923377 0.8940629275782891 0.9880068290653257 0.8919668189739789 0.962208569321043 0.9394114310333986 0.9606767976509192
0 0.5608219692975556 0.7630379421457907 0.5646110886972692 0.7757355231127624 0.5684808276589075 0.7886346529863358 0.5379663235560286 0.7922625332622043 0.5205121884484102 0.7943586418650846 0.5128533300870582 0.7687619310274036 0.5608219692975556 0.7630379421457907
1 0.5646110886972692 0.7757355231127624 0.608226271576371 0.7702533929190715 0.6121766300995758 0.7835959303785761 0.5684808276589075 0.7886346529863358 0.5646110886972692 0.7757355231127624
0 0.9674267287237766 0.9597496726891437 0.9685554025874983 0.9736162373029488 0.9405401048974783 0.9745030524805396 0.9394114310333986 0.9606767976509192 0.9674267287237766 0.9597496726891437