0 0.6545260785228666 0.029790939232081377 0.656944665373801 0.05401711752205564 0.6591617033206401 0.07655028501662461 0.6418688073365127 0.07723555129047796 0.625382106969125 0.07788050778301096 0.623608476611797 0.05986203574476552 0.5864025488877966 0.06131318785511291 0.5849513967770928 0.046600117845037335 0.5835405544473513 0.03261262389013545 0.6545260785228666 0.029790939232081377
0 0.8776810253042278 0.39306268424346263 0.8459169179950984 0.4016889773457704 0.8147977671795753 0.35597768586409945 0.8640160095963231 0.3426351484017306 0.912669915081389 0.32941354028332276 0.94378906589727 0.3751248317678579 0.8776810253042278 0.39306268424346263
0 0.94378906589727 0.3751248317678579 0.912669915081389 0.32941354028332276 0.9607191738538108 0.3163531712873321 1.0 0.3057101283375102 1.0 0.3598711558462187 0.94378906589727 0.3751248317678579
0 0.4365710934713187 0.02858164580679189 0.43919122922634846 0.06131318785511291 0.3862644869714536 0.0630061986505182 0.3836443512160658 0.03027465660219717 0.4365710934713187 0.02858164580679189
0 0.44193229432426506 0.00604847831222291 0.41246584452318324 0.00689498370849346 0.3699793355081612 0.008144586915103292 0.3693695250666942 0.0 0.4414876660074132 0.0 0.44193229432426506 0.00604847831222291
0 0.6109512054250852 0.007620559763667152 0.555767115442389 0.009918217273149267 0.5547310899611287 0.0 0.6101551859512461 0.0 0.6109512054250852 0.007620559763667152
0 0.8760686340703908 0.5421685636060019 0.942902250718606 0.5335422705036941 0.9515688536011507 0.5603482747695288 0.9612835107858506 0.590298441941116 0.8944498941376354 0.5989247350434238 0.8760686340703908 0.5421685636060019
0 0.8432564724591063 0.4409910136748392 0.8585741891818102 0.4390158344130557 0.8917491388206811 0.43474299764179003 0.9100900891073215 0.4323647205725314 0.9175070887836158 0.45530098587743967 0.9263752405702559 0.4825907075105259 0.8595416239223987 0.4912170006128337 0.8432564724591063 0.4409910136748392
0 0.8595416239223987 0.4912170006128337 0.9263752405702559 0.4825907075105259 0.9347596749867808 0.508429277036129 0.942902250718606 0.5335422705036941 0.8760686340703908 0.5421685636060019 0.8595416239223987 0.4912170006128337
1 0.8459169179950984 0.4016889773457704 0.8776810253042278 0.39306268424346263 0.8858639108166573 0.4165632864811274 0.8526889611777863 0.42083612324952885 0.8459169179950984 0.4016889773457704
0 0.41327204014028074 0.017939863661380225 0.37078553112525864 0.01918946686799006 0.3699793355081612 0.008144586915103292 0.41246584452318324 0.00689498370849346 0.41327204014028074 0.017939863661380225
1 0.7472788842571495 0.4220454166748183 0.7766647144963068 0.4141850094090046 0.7832352087745413 0.4239399763739612 0.753849378535384 0.4318003836397749 0.7472788842571495 0.4220454166748183
1 0.7935545126718853 0.47650393060275814 0.7873468064212372 0.45554284456249755 0.8035513383226051 0.4536482848604906 0.8097590445732532 0.47456906112229497 0.7935545126718853 0.47650393060275814
1 0.7340975859193601 0.40253548274490514 0.7634834161585174 0.3946750754790914 0.7700942202177142 0.404430042444048 0.7406680801979527 0.41229044970986173 0.7340975859193601 0.40253548274490514
1 0.753849378535384 0.4318003836397749 0.7832352087745413 0.4239399763739612 0.7897653932721717 0.4336546335604616 0.7604198728139766 0.44151504082627535 0.753849378535384 0.4318003836397749
1 0.8097590445732532 0.47456906112229497 0.8035513383226051 0.4536482848604906 0.8204814462791459 0.4516327958173867 0.826689152530152 0.47259388186051143 0.8097590445732532 0.47456906112229497
1 0.7406680801979527 0.41229044970986173 0.7700942202177142 0.404430042444048 0.7766647144963068 0.4141850094090046 0.7472788842571495 0.4220454166748183 0.7406680801979527 0.41229044970986173
1 0.7275270916411256 0.3927805157799486 0.7569129218799249 0.38492010851413483 0.7634834161585174 0.3946750754790914 0.7340975859193601 0.40253548274490514 0.7275270916411256 0.3927805157799486