0 0.0001233137391272369 0.9847618322251523 0.0009966923090865777 0.9958470236096825 0.0 0.9958807716624997 0.0 0.9833214225637026 0.0001233137391272369 0.9847618322251523
0 0.204695447996006 0.9108605563330581 0.09787453060090609 0.9138837903487567 0.09659805422951886 0.8953412883956705 0.08477385205211269 0.8956772032852429 0.08235526524354532 0.8610107865944936 0.20100038481545468 0.8576516376892226 0.204695447996006 0.9108605563330581
0 0.20899515787869916 0.9715267855454495 0.16888692663005986 0.9726017131930358 0.11178140475195858 0.9742141046668021 0.11023619651335055 0.9523124538132186 0.10062903224439451 0.9525811857239217 0.09787453060090609 0.9138837903487567 0.204695447996006 0.9108605563330581 0.20899515787869916 0.9715267855454495
0 0.315480160438878 0.8817031438475261 0.28296360445205526 0.8825765225585048 0.2812168473121366 0.8568454419523395 0.4082598377487183 0.8534191100729729 0.4113502542271278 0.8994394500589555 0.3168238197773688 0.9019924032273433 0.315480160438878 0.8817031438475261
0 0.9844209620128931 0.9123385818538596 0.9396099230807294 0.9135478754591844 0.8577138864112324 0.915697730754357 0.8550937507013544 0.8761941396423087 0.9818008263036118 0.8728349907370377 0.9844209620128931 0.9123385818538596
0 0.5291219952290778 0.9320903774074969 0.6237156126459403 0.929537424239109 0.6268060291237532 0.9721314323457251 0.5694989583449379 0.9738110067983605 0.5320780457732802 0.9747515684929821 0.5291219952290778 0.9320903774074969
0 0.9818008263036118 0.8728349907370377 0.8550937507013544 0.8761941396423087 0.8526079809256835 0.8392435016986485 0.9335634560581176 0.8370936463987022 0.9793150565273441 0.8358843527933775 0.9818008263036118 0.8728349907370377
0 0.5232770771077766 0.8469695441779076 0.6262685653887148 0.8441478590988166 0.6274778587929986 0.861884165310246 0.6291574329658136 0.8862715863533482 0.5261659446848754 0.8890932714324392 0.5232770771077766 0.8469695441779076
0 0.8293626743728957 0.9513047091397278 0.9554651032724145 0.9480799261921952 0.9563384818423739 0.9616508877662441 0.9576821411808647 0.9832838067091244 0.8315797122813459 0.9864414066777878 0.8293626743728957 0.9513047091397278
0 0.5261659446848754 0.8890932714324392 0.6291574329658136 0.8862715863533482 0.6305682752708113 0.9070983095593455 0.6321134835100161 0.9292686923284058 0.6237156126459403 0.929537424239109 0.5291219952290778 0.9320903774074969 0.5261659446848754 0.8890932714324392
0 0.3168238197773688 0.9019924032273433 0.4113502542271278 0.8994394500589555 0.4145078536720441 0.946736266629132 0.3200486021893887 0.9492892197975199 0.3168238197773688 0.9019924032273433
0 0.8315797122813459 0.9864414066777878 0.9576821411808647 0.9832838067091244 0.9587240717551937 1.0 0.8324332207117784 1.0 0.8315797122813459 0.9864414066777878
0 0.9986637509988666 0.7181797751893424 1.0 0.7365160839766611 1.0 0.751399373013319 0.905548158854702 0.7541226684642857 0.9023905594097856 0.7103865497312141 0.9979247383631143 0.7076320476309922 0.9986637509988666 0.7181797751893424
0 0.9840178642114652 0.5029926963869941 0.9864364510206293 0.5366513684042525 0.893119309975154 0.5392715045515096 0.8899617105302376 0.4952666539077349 0.899703240732804 0.4949979219922581 0.9551291884380902 0.49338553051849177 0.9832788515757129 0.49257933478160865 0.9840178642114652 0.5029926963869941
0 0.9955061515539503 0.6743092904985325 0.9979247383631143 0.7076320476309922 0.9023905594097856 0.7103865497312141 0.8992329599648693 0.666247333129701 0.9021890105090717 0.6659786012189978 0.9572118604123332 0.6643662097452314 0.9946999559510945 0.6634928310294791 0.9955061515539503 0.6743092904985325
0 0.9903330631018945 0.591136763632282 0.9927516499104618 0.6247282526754449 0.9544573587688449 0.6258703633019004 0.8994345088655833 0.6274155717967975 0.896276909420667 0.5833435381741535 0.9895940504655456 0.580656219052801 0.9903330631018945 0.591136763632282
0 0.9663487439127578 0.7979931531550956 0.9113258940094963 0.7995383616499927 0.9088401242338253 0.7996055446288619 0.905548158854702 0.7541226684642857 1.0 0.751399373013319 1.0 0.7969806373118711 0.9663487439127578 0.7979931531550956
0 0.987242646623485 0.5479381087253904 0.9895940504655456 0.580656219052801 0.896276909420667 0.5833435381741535 0.893119309975154 0.5392715045515096 0.9864364510206293 0.5366513684042525 0.987242646623485 0.5479381087253904
0 0.1793002865018717 0.6643662097452314 0.18608576616023575 0.7250324389528492 0.11097520914910279 0.7283915878581203 0.10828789047271793 0.7043400817045904 0.10418972949073872 0.6677253586457288 0.1793002865018717 0.6643662097452314
0 0.6368162911941371 0.6267437420176527 0.639302060969808 0.6615445246661404 0.6407800862419092 0.6853272989041934 0.562847844620781 0.6876115201618781 0.5585481347380878 0.6290279632705638 0.6368162911941371 0.6267437420176527
0 0.0169862384349788 0.6733687288086846 0.020748484582036954 0.7338334090844684 0.0 0.7343696890771395 0.0 0.6738073761766984 0.0169862384349788 0.6733687288086846
0 0.41289546246573583 0.6506608822134442 0.4172623553155325 0.7101178178205109 0.34282362797364496 0.7122676731156835 0.3384567351238483 0.6528107375133905 0.41289546246573583 0.6506608822134442
0 0.5585481347380878 0.6290279632705638 0.562847844620781 0.6876115201618781 0.48988714255039784 0.6897613754570509 0.4867967260725851 0.6484438439394024 0.48552024970119784 0.6311778185705101 0.5585481347380878 0.6290279632705638
0 0.254545209446615 0.6610070608399604 0.26139787207208265 0.7216732900475782 0.18608576616023575 0.7250324389528492 0.1793002865018717 0.6643662097452314 0.254545209446615 0.6610070608399604
0 0.4867967260725851 0.6484438439394024 0.48988714255039784 0.6897613754570509 0.4911636189217851 0.7079007795416954 0.4172623553155325 0.7101178178205109 0.41289546246573583 0.6506608822134442 0.4867967260725851 0.6484438439394024
0 0.11608111463465173 0.22062263949831984 0.20724840073878048 0.21793532037696722 0.21033881721659323 0.25992468167853405 0.11917153111306121 0.2626120007998867 0.11608111463465173 0.22062263949831984
0 0.4762490002671629 0.25132526048352255 0.5670803715363706 0.24890667327287308 0.5699020561463658 0.2913663154217507 0.5060110546104972 0.29304588987438623 0.47907068487715815 0.29378490263240015 0.4762490002671629 0.25132526048352255
0 0.4707399969795893 0.16727935490151966 0.5615041852822902 0.16486076768609656 0.5642586869257786 0.20671576303469863 0.47349449862367443 0.2090671672664789 0.4707399969795893 0.16727935490151966
0 0.19139322054649865 0.46899810947538956 0.28336670225348315 0.4663107903492633 0.2865243016983995 0.5091735303713562 0.23392003860370533 0.5107859218451224 0.20597192436739323 0.5115921175820056 0.19455081999141496 0.5119280324715779 0.19139322054649865 0.46899810947538956
0 0.5113856919632669 0.3778979911932723 0.6034935396044585 0.3756137699403612 0.606248041247947 0.41861087591064516 0.5920724352284803 0.41894679080021757 0.5621760149515356 0.4197529865371007 0.5324811435747081 0.4204919992998883 0.5141401936067553 0.4209622801424254 0.5113856919632669 0.3778979911932723
0 0.15760018818828866 0.38548966771479304 0.250178316597415 0.38280234859344037 0.25333591604233135 0.42465734393726884 0.18823562110158235 0.42660565030538117 0.16069060466669816 0.4274118460422643 0.15760018818828866 0.38548966771479304
0 0.5060110546104972 0.29304588987438623 0.5699020561463658 0.2913663154217507 0.5981189022510921 0.29069448563783234 0.6008062209274769 0.33322131076557915 0.508698373286882 0.33550553202326383 0.5060110546104972 0.29304588987438623
0 0.11917153111306121 0.2626120007998867 0.21033881721659323 0.25992468167853405 0.21349641666150954 0.30272023871698406 0.12239631352508107 0.3054075578383367 0.11917153111306121 0.2626120007998867
0 0.11292351518973542 0.17802863139170383 0.13630318767613356 0.17715525267595147 0.20482981392961638 0.1754084952492204 0.20724840073878048 0.21793532037696722 0.11608111463465173 0.22062263949831984 0.11292351518973542 0.17802863139170383
0 0.47349449862367443 0.2090671672664789 0.5642586869257786 0.20671576303469863 0.5670803715363706 0.24890667327287308 0.4762490002671629 0.25132526048352255 0.47349449862367443 0.2090671672664789
0 0.18823562110158235 0.42660565030538117 0.25333591604233135 0.42465734393726884 0.28020910280856687 0.42385114820038566 0.28336670225348315 0.4663107903492633 0.19139322054649865 0.46899810947538956 0.18823562110158235 0.42660565030538117
0 0.508698373286882 0.33550553202326383 0.6008062209274769 0.33322131076557915 0.6034935396044585 0.3756137699403612 0.5113856919632669 0.3778979911932723 0.508698373286882 0.33550553202326383
0 0.15437540577626882 0.34282847663408145 0.21638528423920506 0.34101453622370753 0.24702071715249874 0.34007397453385957 0.250178316597415 0.38280234859344037 0.15760018818828866 0.38548966771479304 0.15437540577626882 0.34282847663408145
0 0.8720910413308163 0.24373358395722813 0.9386693615436665 0.24178527759388946 0.9635270593027626 0.24104626483587552 0.9642660719385148 0.2517955413308333 0.9668190246812892 0.285521396326961 0.8753830067099397 0.28820871544831367 0.8720910413308163 0.24373358395722813
0 0.8460912331345402 0.2007364779869442 0.9356461280329573 0.1981163418396871 0.9362507747350992 0.2090671672664789 0.9386693615436665 0.24178527759388946 0.8720910413308163 0.24373358395722813 0.8493831985136636 0.24440541374114652 0.8460912331345402 0.2007364779869442
0 0.8753830067099397 0.28820871544831367 0.9668190246812892 0.285521396326961 0.9674908543505346 0.2953972941061665 0.9700438070933092 0.3292575150600326 0.8786077891219596 0.3319448341813852 0.8753830067099397 0.28820871544831367
0 0.842866450723117 0.15666444436430024 0.9324213456209375 0.15404430821704318 0.9332275412237933 0.1643233038646902 0.9356461280329573 0.1981163418396871 0.8460912331345402 0.2007364779869442 0.842866450723117 0.15666444436430024
0 0.7905309194962403 0.4401094289005608 0.7874405030178309 0.39791851866238637 0.8768610319820409 0.3952983825151293 0.8770625808827549 0.39764978675168317 0.8785406061548561 0.41753594826305884 0.8800858143940608 0.4378923906217453 0.8803545462612816 0.4415202714377195 0.7937557019076635 0.4440732246061074 0.7908668343305647 0.4442075905638458 0.7905309194962403 0.4401094289005608
0 0.8786077891219596 0.3319448341813852 0.9700438070933092 0.3292575150600326 0.970850002696165 0.34007397453385957 0.9733357724718359 0.3737998295299873 0.9330259923230793 0.37494194015644283 0.8818997545004863 0.3764871486513399 0.8786077891219596 0.3319448341813852
0 0.831969703480848 0.0 0.930113336355154 0.0 0.9306074055139152 0.007585415991144143 0.8368871666676088 0.010071186180662807 0.8326546397520191 0.010205552138401212 0.831969703480848 0.0
0 0.8751142748421222 0.07705261533038106 0.9594288983207834 0.07449966216676683 0.9621833999642718 0.11118156819972397 0.8778687764856107 0.11373452136811184 0.8751142748421222 0.07705261533038106
0 0.8723597731986338 0.04117690503430707 0.9566743966772949 0.03862395186591921 0.9594288983207834 0.07449966216676683 0.8751142748421222 0.07705261533038106 0.8723597731986338 0.04117690503430707