0 0.3889052455920016 0.8560028305638782 0.38426962087438743 0.7901635120457033 0.4366723350683676 0.7886854865249089 0.4413079597853851 0.8545919880267262 0.3889052455920016 0.8560028305638782
0 0.8835734309881073 0.9039042939388752 0.8716820458441942 0.904240208828446 0.8699352887042755 0.8788450431167478 0.86704642112658 0.837527511594523 0.9203896968576231 0.8360494860737285 0.9250253215746406 0.9026950003335562 0.8835734309881073 0.9039042939388752
0 0.4413079597853851 0.8545919880267262 0.4366723350683676 0.7886854865249089 0.4903515256337351 0.787207461008888 0.4929044783765095 0.8231503542836596 0.4949871503507526 0.8530467795318364 0.4413079597853851 0.8545919880267262
0 0.016106962179825227 0.8668864730165224 0.011471337462211025 0.8005768736462654 0.06320222198694585 0.7990988481302446 0.06783784670396334 0.8654756304745967 0.016106962179825227 0.8668864730165224
0 0.06783784670396334 0.8654756304745967 0.06320222198694585 0.7990988481302446 0.11560493618092606 0.7976208226094501 0.12024056089794356 0.8639976049585759 0.06783784670396334 0.8654756304745967
0 0.765331409217029 0.8818010941487895 0.763987749879135 0.8633257751794344 0.7606957845000115 0.8156258607362703 0.8131656816610953 0.8142150181991183 0.8178013063781128 0.8803230686327687 0.765331409217029 0.8818010941487895
0 0.3351588720595306 0.8575480390635415 0.3330762000852876 0.8282562606156373 0.3305232473425131 0.7916415375617242 0.38426962087438743 0.7901635120457033 0.3889052455920016 0.8560028305638782 0.3351588720595306 0.8575480390635415
0 0.6598541511604199 0.8662818262114761 0.6585776747890327 0.8484783370212625 0.6552185264434024 0.8002409587566947 0.7074196917366687 0.7988301162147691 0.7119881334865826 0.8648038006954553 0.6598541511604199 0.8662818262114761
0 0.0 0.8673355899076529 0.0 0.8008967335510905 0.011471337462211025 0.8005768736462654 0.016106962179825227 0.8668864730165224 0.0 0.8673355899076529
0 0.7119881334865826 0.8648038006954553 0.7074196917366687 0.7988301162147691 0.7594193081286243 0.7973520906987482 0.7606957845000115 0.8156258607362703 0.763987749879135 0.8633257751794344 0.7119881334865826 0.8648038006954553
0 0.22450852555026898 0.8611087369006295 0.2198729008332515 0.7947319545515037 0.273350542497905 0.7932539290354828 0.2759034952406795 0.8298014691153007 0.2779861672149225 0.8596307113846087 0.22450852555026898 0.8611087369006295
0 0.5523614040960746 0.8514343880580778 0.5502787321218316 0.8216051457887699 0.5477257793790571 0.7855950695351294 0.6012706040102175 0.7841170440143349 0.6059062287278317 0.8499563625372833 0.5523614040960746 0.8514343880580778
0 0.12024056089794356 0.8639976049585759 0.11560493618092606 0.7976208226094501 0.16814201630851666 0.7962099800722982 0.17277764102553417 0.8625195794425551 0.12024056089794356 0.8639976049585759
0 0.8178013063781128 0.8803230686327687 0.8131656816610953 0.8142150181991183 0.865299663987258 0.8127369926783239 0.86704642112658 0.837527511594523 0.8699352887042755 0.8788450431167478 0.8178013063781128 0.8803230686327687
0 0.6059062287278317 0.8499563625372833 0.6012706040102175 0.7841170440143349 0.6540092330391187 0.7826390184983141 0.6552185264434024 0.8002409587566947 0.6585776747890327 0.8484783370212625 0.6059062287278317 0.8499563625372833
0 0.17277764102553417 0.8625195794425551 0.16814201630851666 0.7962099800722982 0.2198729008332515 0.7947319545515037 0.22450852555026898 0.8611087369006295 0.17277764102553417 0.8625195794425551
0 0.024303284143186932 0.9879501995204769 0.025188904075480748 1.0 0.0 1.0 0.0 0.9886723902560879 0.024303284143186932 0.9879501995204769
0 0.7204531873177619 0.9995728547311316 0.7204820918802024 1.0 0.7048928979913084 1.0 0.7204531873177619 0.9995728547311316
0 0.39716875052246686 0.9743792379512665 0.44950428174934354 0.972901212430472 0.45010892845148537 0.9816349995831802 0.451417649058095 1.0 0.39895977505998276 1.0 0.39716875052246686 0.9743792379512665
0 0.1803021333202472 0.9711544550037492 0.23216738377859242 0.9696764294829547 0.23437496387356338 1.0 0.18243127835042536 1.0 0.1803021333202472 0.9711544550037492
0 0.3430864621556715 0.9665188295143065 0.39649692085322147 0.9649736210194166 0.39716875052246686 0.9743792379512665 0.39895977505998276 1.0 0.34547067532415787 1.0 0.3430864621556715 0.9665188295143065
0 0.45010892845148537 0.9816349995831802 0.5023100937447517 0.9802241570412547 0.5029147404468934 0.9890923101517006 0.5036893259766761 1.0 0.451417649058095 1.0 0.45010892845148537 0.9816349995831802
0 0.23216738377859242 0.9696764294829547 0.285241927641818 0.968131220988065 0.28759422337587803 1.0 0.23437496387356338 1.0 0.23216738377859242 0.9696764294829547
0 0.024303284143186932 0.9879501995204769 0.023833003374655486 0.9818365485150132 0.0762357175686357 0.9802913400201235 0.07767052371888769 1.0 0.025188904075480748 1.0 0.024303284143186932 0.9879501995204769
0 0.5029147404468934 0.9890923101517006 0.5566611139787678 0.9876142846309061 0.5575226202470029 1.0 0.5036893259766761 1.0 0.5029147404468934 0.9890923101517006
0 0.0762357175686357 0.9802913400201235 0.12830251692769487 0.9787461315252337 0.12986286741289127 1.0 0.07767052371888769 1.0 0.0762357175686357 0.9802913400201235
0 0.12830251692769487 0.9787461315252337 0.12783223615976014 0.972699663498639 0.1803021333202472 0.9711544550037492 0.18243127835042536 1.0 0.12986286741289127 1.0 0.12830251692769487 0.9787461315252337
0 0.2482241128715882 0.6343661858675226 0.24721636836742172 0.6207280413146696 0.24379003705528463 0.5741702375027292 0.3064717451868696 0.5723562970971376 0.3109058210031731 0.632485062483062 0.2482241128715882 0.6343661858675226
0 0.13139293340610433 0.6382627985941813 0.1269588575898008 0.577663752365722 0.18856563825071246 0.5758498119553568 0.19199196956344625 0.6223404327884282 0.192999714067016 0.6364488581885897 0.13139293340610433 0.6382627985941813
0 0.11580648508164001 0.200028232554579 0.11217860486819226 0.1580388712532126 0.1156721191480296 0.15790450529547484 0.20112885306387085 0.15494845426343312 0.22800203983010636 0.15407507554768496 0.23162992004355412 0.19606443684905134 0.11580648508164001 0.200028232554579
0 0.3718407719954361 0.6307383050515657 0.3674066961791325 0.5705423566867723 0.4273339026672291 0.5687955992600496 0.4307602339799629 0.6159580498722627 0.4317679784835326 0.6289915476200693 0.3718407719954361 0.6307383050515657
0 0.5928727331461419 0.6261698625409917 0.5906556952376917 0.5940563990187836 0.6849805807867367 0.591436262871539 0.6945877450556928 0.5911675309608372 0.6968047829641429 0.6233481774619142 0.6030845441172397 0.6259011306302898 0.5928727331461419 0.6261698625409917
0 0.5792345908623101 0.5943251309294856 0.5769503699873532 0.5616742035811 0.6730220126757201 0.5590540674338554 0.6827635428788833 0.5587853355231536 0.6849805807867367 0.591436262871539 0.5906556952376917 0.5940563990187836 0.5792345908623101 0.5943251309294856
0 0.06918150604245413 0.6400767390045465 0.06824094450598794 0.6268416923201333 0.06474743022615058 0.5794776927713137 0.1269588575898008 0.577663752365722 0.13139293340610433 0.6382627985941813 0.06918150604245413 0.6400767390045465
0 0.6030845441172397 0.6259011306302898 0.6968047829641429 0.6233481774619142 0.7095695466780153 0.6230122625723434 0.7117865845858687 0.655394458010027 0.6053015820256898 0.6583505090420687 0.6030845441172397 0.6259011306302898
0 0.3109058210031731 0.632485062483062 0.3064717451868696 0.5723562970971376 0.3674066961791325 0.5705423566867723 0.3718407719954361 0.6307383050515657 0.3109058210031731 0.632485062483062
0 0.565327716710661 0.5620101184706708 0.5631106788028075 0.5293591911222852 0.6592495044582781 0.5267390549798143 0.6708049747678667 0.5264703230643388 0.6730220126757201 0.5590540674338554 0.5769503699873532 0.5616742035811 0.565327716710661 0.5620101184706708
0 0.5515552084932188 0.5296951060118561 0.5492709876182619 0.49677544675276863 0.6570324665498279 0.4938865786948222 0.6592495044582781 0.5267390549798143 0.5631106788028075 0.5293591911222852 0.5515552084932188 0.5296951060118561
0 0.2595780342798662 0.45176285143571804 0.20697377118576873 0.4535767918460833 0.1646485020286793 0.45498763438323525 0.1618940003851909 0.42260543894555164 0.13784249822954736 0.42347881766129986 0.13213194604185657 0.35723640126991174 0.198441534387486 0.3549521800170116 0.25104579748158345 0.3531382396066463 0.2595780342798662 0.45176285143571804
0 0.8720179606785186 0.41400601775058116 0.9580793412970984 0.4104453199134932 0.9633867956833613 0.4617059321937452 0.8772582320976778 0.46519944705196437 0.8720179606785186 0.41400601775058116
0 0.8807517463775153 0.17523771364315355 0.8908291914150027 0.17483461577471388 0.9752109978601707 0.17181138175902966 0.9793091588421499 0.21702552601268693 0.8847827243923909 0.22038467491316827 0.8807517463775153 0.17523771364315355
0 0.789255019891179 0.0 0.9050293555199476 0.0 0.9054078952353006 0.0045929493115744804 0.7899203751083076 0.008288013106400236 0.789255019891179 0.0
0 0.8624107964095625 0.30537114218938705 0.9509579468038132 0.3019448103100368 0.9559966693222586 0.3531382396066463 0.8674495189286046 0.3566317544696391 0.8624107964095625 0.30537114218938705
0 0.8772582320976778 0.46519944705196437 0.9633867956833613 0.4617059321937452 0.9686270671025206 0.5127649955373906 0.8824313205503304 0.5163256933744786 0.8772582320976778 0.46519944705196437
0 0.8528036321406065 0.5563667483125156 0.9154853402727882 0.5540825270596155 0.9568028649257111 0.552604501538821 0.9604979281056657 0.5939220330610459 0.9450458457154085 0.5944594968872233 0.8564986953211577 0.5976170968558716 0.8528036321406065 0.5563667483125156
0 0.8874028601022689 0.136876233157744 0.9717846665474369 0.13385299914205978 0.9752109978601707 0.17181138175902966 0.8908291914150027 0.17483461577471388 0.8874028601022689 0.136876233157744
0 0.7866284097291841 0.008355196085269119 0.7899203751083076 0.008288013106400236 0.9054078952353006 0.0045929493115744804 0.9089685924816449 0.048799348891745795 0.9126636556621961 0.09428222505133131 0.7938841701560797 0.09811165480389483 0.7866284097291841 0.008355196085269119
0 0.8577079887254414 0.257268129882557 0.9462551391196922 0.2538417980032067 0.9509579468038132 0.3019448103100368 0.8624107964095625 0.30537114218938705 0.8577079887254414 0.257268129882557
0 0.8413825277652249 0.5981545606820491 0.8564986953211577 0.5976170968558716 0.9450458457154085 0.5944594968872233 0.9488080918624666 0.6365160411674585 0.8835734309881073 0.6388674453992276 0.845144773912283 0.6402111049622843 0.8413825277652249 0.5981545606820491
1 0.9932832159603059 0.9067931619968217 1.0 0.9066118605972947 1.0 0.924783906281828 0.9944925093645897 0.9249325660813796 0.9932832159603059 0.9067931619968217
1 0.988513225309678 0.8345042775788388 1.0 0.8341938241557522 1.0 0.8520418370552876 0.9896553357468582 0.852307766773826 0.988513225309678 0.8345042775788388
1 0.9203896968576231 0.8360494860737285 0.9178367441148486 0.800039409820088 0.94665823692112 0.7992332140832087 0.9492111896638945 0.8352432903368492 0.9203896968576231 0.8360494860737285
1 0.9957018027694701 0.9428704212293311 1.0 0.9427597855019857 1.0 0.960790269337512 0.9968439132066501 0.9608754593561513 0.9957018027694701 0.9428704212293311
1 0.9908646291517386 0.8705143538324792 1.0 0.8702795113554224 1.0 0.8882382659809283 0.9920739225560222 0.8884522089804306 0.9908646291517386 0.8705143538324792
1 0.9492111896638945 0.8352432903368492 0.94665823692112 0.7992332140832087 0.9748079000587428 0.7984270183463293 0.9772936698344137 0.8344370945999698 0.9492111896638945 0.8352432903368492
1 0.9944925093645897 0.9249325660813796 1.0 0.924783906281828 1.0 0.9427597855019857 0.9957018027694701 0.9428704212293311 0.9944925093645897 0.9249325660813796
1 0.9896553357468582 0.852307766773826 1.0 0.8520418370552876 1.0 0.8702795113554224 0.9908646291517386 0.8705143538324792 0.9896553357468582 0.852307766773826
1 0.9920739225560222 0.8884522089804306 1.0 0.8882382659809283 1.0 0.9066118605972947 0.9932832159603059 0.9067931619968217 0.9920739225560222 0.8884522089804306