0 0.09428060773169226 0.5307891161391786 0.09149923285281239 0.49128553090923643 0.12294086191532885 0.49039871572878135 0.1257222367938507 0.529942610742908 0.09428060773169226 0.5307891161391786
0 0.391081524124667 0.5595299898854764 0.3839466929143901 0.5597315387892139 0.3828986386122346 0.5444944416305664 0.38116531803551024 0.5197039264078357 0.41317128403006675 0.5188171112273806 0.41595265890858857 0.5588044138303027 0.391081524124667 0.5595299898854764
0 0.1257222367938507 0.529942610742908 0.12294086191532885 0.49039871572878135 0.15514837681398078 0.4895119005511905 0.15668014848625172 0.5110776333055278 0.15792975169250262 0.5290154857839968 0.1257222367938507 0.529942610742908
0 0.32013630982973057 0.5462680719857482 0.31933011421299085 0.5351828822544052 0.3173549349512087 0.5065629378492043 0.3488368737946875 0.5057164324529337 0.35161824867320934 0.5453812568081573 0.32013630982973057 0.5462680719857482
0 0.062032783052078044 0.531716241100954 0.06078317984582713 0.5141411766486398 0.059251408173556196 0.4921723460868273 0.09149923285281239 0.49128553090923643 0.09428060773169226 0.5307891161391786 0.062032783052078044 0.531716241100954
0 0.2568499538965068 0.536956512609587 0.2560840680603713 0.5262744206857192 0.25406857901798496 0.49733199803568384 0.28538927873797254 0.4964854926365491 0.2881303438355321 0.5360696974319962 0.2568499538965068 0.536956512609587
0 0.2881303438355321 0.5360696974319962 0.28538927873797254 0.4964854926365491 0.31658904911507324 0.49559867745895825 0.3173549349512087 0.5065629378492043 0.31933011421299085 0.5351828822544052 0.2881303438355321 0.5360696974319962
0 0.0 0.5337322281136387 0.0 0.4938292924633681 0.02494778467095132 0.4931397808270589 0.026479556343222254 0.5150683016104153 0.02772915954947317 0.5329658443075638 0.0 0.5337322281136387
0 0.19235430453763636 0.5280480510437652 0.19110470133138546 0.5101505083466166 0.18957292965911451 0.48854446581095884 0.22169982499584184 0.4876576506305038 0.22448119987472173 0.5271612358633101 0.19235430453763636 0.5280480510437652
0 0.35161824867320934 0.5453812568081573 0.3488368737946875 0.5057164324529337 0.3801172637337128 0.5048296172724787 0.38116531803551024 0.5197039264078357 0.3828986386122346 0.5444944416305664 0.35161824867320934 0.5453812568081573
0 0.22448119987472173 0.5271612358633101 0.22169982499584184 0.4876576506305038 0.25334300296281176 0.4867708354529129 0.25406857901798496 0.49733199803568384 0.2560840680603713 0.5262744206857192 0.22448119987472173 0.5271612358633101
0 0.36060732980238147 0.6765492836922276 0.3598817537472083 0.6657462624243987 0.3578662647048219 0.6367232202117227 0.3888241763968649 0.6358767148154522 0.3915652414947825 0.6757027782930929 0.36060732980238147 0.6765492836922276
0 0.26511345897050576 0.6576036866922067 0.2623723938729462 0.617777623214566 0.29320937622246035 0.6169311178154313 0.29393495227799155 0.6276535195206194 0.2959504413203779 0.656757181293072 0.26511345897050576 0.6576036866922067
0 0.10202008565461351 0.6415603939157448 0.10161698784606463 0.6358364050341317 0.09923871077609166 0.6018149499978807 0.13064003005764582 0.6009281348174256 0.1310028180852324 0.6061684063289228 0.13346171471712998 0.6406735787352897 0.10202008565461351 0.6415603939157448
0 0.2966760173755511 0.6674795830011244 0.2959504413203779 0.656757181293072 0.29393495227799155 0.6276535195206194 0.3254572009020746 0.6267667043430286 0.32819826599963414 0.6665927678206693 0.2966760173755511 0.6674795830011244
0 0.00023788901016291164 0.5989932653369624 0.003140193231213624 0.6388596385987876 0.0 0.6389492420383663 0.0 0.5990000445583459 0.00023788901016291164 0.5989932653369624
0 0.06961102185186616 0.6367232202117227 0.066789337192382 0.5970987056378195 0.09883561296754279 0.5961715806789083 0.09923871077609166 0.6018149499978807 0.10161698784606463 0.6358364050341317 0.06961102185186616 0.6367232202117227
0 0.13382450274471655 0.6461557089318448 0.13346171471712998 0.6406735787352897 0.1310028180852324 0.6061684063289228 0.16232351780522 0.605321900929788 0.1626863058328066 0.6106427920039259 0.16514520246434614 0.6452688937513898 0.13382450274471655 0.6461557089318448
0 0.003140193231213624 0.6388596385987876 0.00023788901016291164 0.5989932653369624 0.03208261588122825 0.5980661403780511 0.035025229883241256 0.6379325136370122 0.003140193231213624 0.6388596385987876
0 0.3915652414947825 0.6757027782930929 0.3888241763968649 0.6358767148154522 0.4208301423914214 0.6349898996349971 0.42357120748898097 0.674815963115502 0.3915652414947825 0.6757027782930929
0 0.16550799049229073 0.6506300946039839 0.16514520246434614 0.6452688937513898 0.1626863058328066 0.6106427920039259 0.1949341305120628 0.6097559768234708 0.19771550539058463 0.649743279426393 0.16550799049229073 0.6506300946039839
0 0.32819826599963414 0.6665927678206693 0.3254572009020746 0.6267667043430286 0.35714068864964876 0.6259201989438938 0.3578662647048219 0.6367232202117227 0.3598817537472083 0.6657462624243987 0.32819826599963414 0.6665927678206693
0 0.233067183195345 0.6584905018697976 0.23032611809778544 0.6186644383921569 0.2623723938729462 0.617777623214566 0.26511345897050576 0.6576036866922067 0.233067183195345 0.6584905018697976
0 0.009871926633299697 0.3978071491186061 0.009267279920297364 0.3896242636050938 0.007211481097306708 0.36168958547661034 0.044820506629511175 0.3606012213952819 0.047480952165504166 0.3966784752559573 0.009871926633299697 0.3978071491186061
0 0.08404192339591117 0.39563042095308504 0.08138147785991819 0.3595128573110893 0.11733780237732286 0.3584648030110812 0.11939360120067154 0.3867622691657193 0.11999824791331584 0.39458236665021273 0.08404192339591117 0.39563042095308504
0 0.2166611023898759 0.39288935585480744 0.2153308796217004 0.3736212806099522 0.27192581193415843 0.3720491991556438 0.27769011059565557 0.37188796003322655 0.2790203333638311 0.3911963450594022 0.22278818907895964 0.3927281167323903 0.2166611023898759 0.39288935585480744
0 0.20847821687744347 0.3737825197323694 0.2071076843286637 0.3541919662398155 0.2647506709429192 0.3526198847855071 0.2705955891663409 0.3524586456630899 0.27192581193415843 0.3720491991556438 0.2153308796217004 0.3736212806099522 0.20847821687744347 0.3737825197323694
0 0.22278818907895964 0.3927281167323903 0.2790203333638311 0.3911963450594022 0.28667919172518574 0.3909947961556646 0.2880094144930032 0.4104241105258013 0.22411841184713513 0.4121977408809831 0.22278818907895964 0.3927281167323903
0 0.047480952165504166 0.3966784752559573 0.044820506629511175 0.3606012213952819 0.08138147785991819 0.3595128573110893 0.08404192339591117 0.39563042095308504 0.047480952165504166 0.3966784752559573
0 0.2001340922415199 0.3543935151435531 0.19880386947370243 0.3348029616509992 0.2564871658689202 0.333230880199555 0.2634204481751017 0.33306964107427356 0.2647506709429192 0.3526198847855071 0.2071076843286637 0.3541919662398155 0.2001340922415199 0.3543935151435531
0 0.19187058716752092 0.3350045105547368 0.19050005461874114 0.31525271793976567 0.2551569431007447 0.3135193973630401 0.2564871658689202 0.333230880199555 0.19880386947370243 0.3348029616509992 0.19187058716752092 0.3350045105547368
0 0.016684279596594312 0.2882451647701935 0.0 0.2888204847561476 0.0 0.22946919742749178 0.011564937428703766 0.22907040648219265 0.016684279596594312 0.2882451647701935
0 0.38414824181848556 0.2655910679316635 0.4357850710865442 0.2634546495474628 0.4389695437736149 0.2942110123368644 0.387292404724594 0.2963071209397448 0.38414824181848556 0.2655910679316635
0 0.38938851332890495 0.12233010679469832 0.3954349804564221 0.12208824810964042 0.4460640652029295 0.1202743079702741 0.4485229618348271 0.1474027904838073 0.3918071001798402 0.149418279524047 0.38938851332890495 0.12233010679469832
0 0.33311067764194574 0.0 0.40254624969168756 0.0 0.40297290947524794 0.005270503209490906 0.4041822029005365 0.019943263438246133 0.3348896896207579 0.022160301385087556 0.33311067764194574 0.0
0 0.37838394315698837 0.20041015229853554 0.43151223431635566 0.1983543534769755 0.43453546787993524 0.22907040648219265 0.381407176720926 0.2311665150879372 0.37838394315698837 0.20041015229853554
0 0.387292404724594 0.2963071209397448 0.4389695437736149 0.2942110123368644 0.44211370667972333 0.3248464457823051 0.3903962578500981 0.3269828641665058 0.387292404724594 0.2963071209397448
0 0.37261964449549123 0.3510074935527425 0.41022867002805374 0.34963696100503583 0.4350191852504087 0.34875014582458075 0.43723622319689054 0.3735406610473115 0.42796497360169833 0.3738631392950101 0.37483668244233104 0.3757576989941529 0.37261964449549123 0.3510074935527425
0 0.39337918163307345 0.09931322193001353 0.44400826637958085 0.09749928179064721 0.4460640652029295 0.1202743079702741 0.3954349804564221 0.12208824810964042 0.39337918163307345 0.09931322193001353
0 0.3329145103589758 0.022200611166407903 0.3348896896207579 0.022160301385087556 0.4041822029005365 0.019943263438246133 0.4063186212854518 0.04646709923770251 0.4085356592322916 0.07375682087078875 0.3372679666907309 0.07605447838027087 0.3329145103589758 0.022200611166407903
0 0.37556225849750424 0.17154834921114087 0.42869054965687153 0.16949255038958083 0.43151223431635566 0.1983543534769755 0.37838394315698837 0.20041015229853554 0.37556225849750424 0.17154834921114087
0 0.36576698175123434 0.3760801772418515 0.37483668244233104 0.3757576989941529 0.42796497360169833 0.3738631392950101 0.43022232132914245 0.3990970621065363 0.391081524124667 0.40050790443556333 0.3680243294786784 0.4013141000533777 0.36576698175123434 0.3760801772418515
1 0.45690739625135496 0.561263310462202 0.48826840575230485 0.5604168050659315 0.488993981807478 0.5713004458935368 0.4576329723065281 0.5721469512926716 0.45690739625135496 0.561263310462202
1 0.4540454018112665 0.5178899862684693 0.4853661015308961 0.5170434808721988 0.4860916775864273 0.527765882577387 0.4547306680854774 0.5285720781952014 0.4540454018112665 0.5178899862684693
1 0.41317128403006675 0.5188171112273806 0.4116395123577958 0.4972110686917228 0.42893240834192925 0.496727351321607 0.43046418001420017 0.5183333938572647 0.41317128403006675 0.5188171112273806
1 0.4583585483620593 0.5829096627791801 0.4896792480816889 0.5821034671613657 0.4904048241372201 0.5928661786478743 0.4590438146362702 0.5937126840470089 0.4583585483620593 0.5829096627791801
1 0.4554562441410086 0.5394960288041271 0.48681725364160044 0.5386898331863127 0.48754282969677365 0.5494122348915008 0.45618182019618175 0.5502587402906356 0.4554562441410086 0.5394960288041271
1 0.43046418001420017 0.5183333938572647 0.42893240834192925 0.496727351321607 0.4458222065178718 0.49624363395149124 0.44731366840918046 0.517849676487149 0.43046418001420017 0.5183333938572647
1 0.4576329723065281 0.5721469512926716 0.488993981807478 0.5713004458935368 0.4896792480816889 0.5821034671613657 0.4583585483620593 0.5829096627791801 0.4576329723065281 0.5721469512926716
1 0.4547306680854774 0.5285720781952014 0.4860916775864273 0.527765882577387 0.48681725364160044 0.5386898331863127 0.4554562441410086 0.5394960288041271 0.4547306680854774 0.5285720781952014
1 0.45618182019618175 0.5502587402906356 0.48754282969677365 0.5494122348915008 0.48826840575230485 0.5604168050659315 0.45690739625135496 0.561263310462202 0.45618182019618175 0.5502587402906356