0 0.20775522183316245 0.24954208740333467 0.2053366350245951 0.21292736434942153 0.28373915741425476 0.21084469202835437 0.2869639398262746 0.2597539000720638 0.2622406080013857 0.2604257298512053 0.20856141743601825 0.2618365723931309 0.20775522183316245 0.24954208740333467
0 0.5319130371990135 0.25316996821929155 0.5010088724179024 0.2540433469350397 0.4974481751715581 0.20520132187019924 0.5757835145947109 0.20291710061252544 0.5784036503039922 0.2392630917557367 0.5793442118410551 0.2517591256821396 0.5319130371990135 0.25316996821929155
0 0.3162557134010775 0.2590148873140533 0.2869639398262746 0.2597539000720638 0.28373915741425476 0.21084469202835437 0.36335097320879484 0.20876201970728722 0.3658367429844657 0.24577984062964003 0.3665757556208147 0.2576712277509966 0.3162557134010775 0.2590148873140533
0 0.4210611417890379 0.24430181511361918 0.41837382311205634 0.2074855431230994 0.4974481751715581 0.20520132187019924 0.5010088724179024 0.2540433469350397 0.47689018729515525 0.25471517671418126 0.42193452035899726 0.2563275681879399 0.4210611417890379 0.24430181511361918
0 0.7212346379657523 0.24685476828199487 0.693353706695947 0.2477953299718383 0.6879790693425806 0.18390431781699287 0.7456220549557201 0.1819560114536635 0.7469657142942109 0.1978783772594166 0.7501233137391272 0.23476183222403166 0.7509966923090866 0.2458470236085089 0.7212346379657523 0.24685476828199487
0 0.6388683205277238 0.23751633432901398 0.6345014276785238 0.1857182582225845 0.6879790693425806 0.18390431781699287 0.693353706695947 0.2477953299718383 0.6717207913494676 0.24846715975575348 0.6398760650312936 0.24954208740333467 0.6388683205277238 0.23751633432901398
0 0.09320826324263559 0.5446097271488969 0.18975018670013075 0.5018813530847464 0.24376529209982256 0.550454646238885 0.20674747732959273 0.5668472928919466 0.2116518339144277 0.5712813694447828 0.20164157184404377 0.5757154460023927 0.18914553999798892 0.58122445020281 0.18383808561172602 0.576454458760403 0.14682027084149618 0.5929142883923335 0.09320826324263559 0.5446097271488969
0 0.5029571784585349 0.5326511570486714 0.6003724804853927 0.490863344679138 0.6531111095136973 0.5399069186805852 0.6162948436441814 0.5556949185333742 0.6219382128653653 0.5610023738019585 0.6118607678278779 0.5653020843970569 0.5980210766433323 0.5712141864706876 0.5919746096207205 0.5656379992866276 0.5553598926525152 0.5813588161605477 0.5029571784585349 0.5326511570486714
0 0.909212579394597 0.5198863912115667 1.0 0.4810942528284939 1.0 0.556303333361606 0.9966848023175777 0.5532091483438674 0.961145012819449 0.56839250139161 0.909212579394597 0.5198863912115667
0 0.5439387882765369 0.9769321911148685 0.5965430513712311 0.9755213485777166 0.6588216617013881 0.973841774125089 0.6606084254666252 1.0 0.5455144580201486 1.0 0.5439387882765369 0.9769321911148685
0 0.8784427805470962 0.9676609401407564 0.9419306842821337 0.9655782678196894 0.9958786067147218 0.9638315103881929 0.9988311359880437 1.0 0.8810827033620705 1.0 0.8784427805470962 0.9676609401407564
0 0.9176104502586726 0.8838837664698567 0.9140497530123284 0.8357807541630267 0.9866073572806869 0.8336308988630906 0.9871448210157252 0.8411553924104799 0.990168054527031 0.8817339111699206 0.9176104502586726 0.8838837664698567
0 0.9907055182626661 0.888989672806608 0.990168054527031 0.8817339111699206 0.9871448210157252 0.8411553924104799 1.0 0.840773311284005 1.0 0.888713422583599 0.9907055182626661 0.888989672806608
0 0.8310116059050545 0.6656734536528514 0.7817664911559906 0.6197874796248262 0.8627219662890214 0.5851882459083376 0.9617496595221876 0.677497657795339 0.8807941843891567 0.7120968915118275 0.8310116059050545 0.6656734536528514
0 0.732588559374627 0.5739015055920274 0.6825372490227073 0.5272765188012182 0.7634927241551415 0.49267728508950326 0.8627219662890214 0.5851882459083376 0.7817664911559906 0.6197874796248262 0.732588559374627 0.5739015055920274
0 0.4177691764099145 0.6790428662950024 0.3675163171572809 0.632955343325597 0.44900925602535 0.5976170968558716 0.5483056811263336 0.6886500321586851 0.46681274225826447 0.7240554616072794 0.4177691764099145 0.6790428662950024
0 0.31659162823599857 0.5862631735606925 0.26573412228122306 0.5395710037910144 0.3472270611492922 0.504232757321289 0.44900925602535 0.5976170968558716 0.3675163171572809 0.632955343325597 0.31659162823599857 0.5862631735606925
0 0.572021268447056 0.9003435961017872 0.5687964860350362 0.8526436816633968 0.6411525414026807 0.8506953752952937 0.6443773238147006 0.8983952897384578 0.572021268447056 0.9003435961017872
0 0.0 0.6747792954215891 0.0 0.6417060238331728 0.05390622759744878 0.619854662603695 0.09139432313621006 0.6567381175683101 0.13217438405349805 0.696846355485216 0.05451087429959062 0.7283551722071514 0.0 0.6747792954215891
0 0.5020837998885757 0.9022247194862477 0.5015463361529406 0.8938940302067527 0.49885901747655575 0.8545248050478573 0.5687964860350362 0.8526436816633968 0.572021268447056 0.9003435961017872 0.5020837998885757 0.9022247194862477
0 0.014537008985158417 0.5810900842450722 0.05390622759744878 0.619854662603695 0.0 0.6417060238331728 0.0 0.5668019942732426 0.014537008985158417 0.5810900842450722
0 0.4287200000173613 0.8958423365700822 0.42556240057244504 0.8490829838215351 0.4983887367080243 0.8471346774582058 0.49885901747655575 0.8545248050478573 0.5015463361529406 0.8938940302067527 0.4287200000173613 0.8958423365700822
0 0.350115928726391 0.9065916130649886 0.27809578819366754 0.9088086513390199 0.2745350909467266 0.8616462007268069 0.34648804851294324 0.859429162448002 0.34944409905714563 0.8977234599545426 0.350115928726391 0.9065916130649886
0 0.20674747732959273 0.910958506638956 0.20621001359395771 0.9036355620281733 0.20311959711614497 0.8638632390008382 0.2745350909467266 0.8616462007268069 0.27809578819366754 0.9088086513390199 0.20674747732959273 0.910958506638956
0 0.13432423899484464 0.9057854173281094 0.13069635878139688 0.8580855028849452 0.2025149504140031 0.855868464610914 0.20311959711614497 0.8638632390008382 0.20621001359395771 0.9036355620281733 0.13432423899484464 0.9057854173281094
1 0.5114894152568177 0.4051378646449088 0.5396390783938437 0.4043316689080295 0.541049920699438 0.42374754957677535 0.5422592141037218 0.44047611111940776 0.5140423679995921 0.44128230685628705 0.5114894152568177 0.4051378646449088
1 0.13116663954992833 0.39566506473419016 0.12847932087354344 0.3582441459433977 0.15656180104406264 0.3574379502065184 0.1592491197204475 0.39492605197617975 0.13116663954992833 0.39566506473419016
0 0.16186925543032551 0.43227978779287696 0.1592491197204475 0.39492605197617975 0.15656180104406264 0.3574379502065184 0.20473198832185655 0.35609429064346165 0.27990972830009303 0.3539444353482993 0.2825970469764779 0.3911638052024851 0.28521718268635593 0.4287862729298842 0.16186925543032551 0.43227978779287696
0 0.5396390783938437 0.4043316689080295 0.5356752833460716 0.34783078433806197 0.5706104261420585 0.34689022264821856 0.6050752881695138 0.3458824779747326 0.6104499255228802 0.42179924320867235 0.541049920699438 0.42374754957677535 0.5396390783938437 0.4043316689080295
0 0.030190640276726296 0.17557362853272432 0.036573022133662474 0.2643895255615066 0.0 0.2654394689536177 0.0 0.17645338436540273 0.030190640276726296 0.17557362853272432
1 0.6770954287022373 0.41991811982421184 0.6757517693643432 0.40124125191825005 0.7076636786490241 0.40030069022363296 0.710350997325409 0.4377216090144254 0.6784390880407281 0.43859498773017364 0.6770954287022373 0.41991811982421184
1 0.7330588401425617 0.377189745764835 0.7053122748069636 0.37799594150171434 0.7026921390970856 0.34131403546415867 0.7304387044332804 0.3405078397272793 0.7330588401425617 0.377189745764835
0 0.9315845073768286 0.33593939722147903 0.9604731831508003 0.33513320148459974 0.9649744419336107 0.3968743583395091 0.9051816013791246 0.3986211157710055 0.9032332953390887 0.3724869372965233 0.9006803425963142 0.33687995891132244 0.9315845073768286 0.33593939722147903
0 0.01796334029789223 0.35804259700679103 0.020046012272135254 0.3990242136394451 0.02152403754423644 0.4276441623034341 0.0 0.42808620422431204 0.0 0.35841151243092984 0.01796334029789223 0.35804259700679103
0 0.8081693971536947 0.3327146142691882 0.8422983443468257 0.33170686960047585 0.8427686251153571 0.33855953336394995 0.8453887608246384 0.3741665117491508 0.8469339690638432 0.39546351580235717 0.7929188636641514 0.3970087242972469 0.7882832389471339 0.3333192610742345 0.8081693971536947 0.3327146142691882
1 0.4807867993764205 0.3836393116598695 0.4783010296007496 0.3480995162535375 0.5068537905392035 0.3472933205166582 0.5093395603154711 0.38283311592299013 0.4807867993764205 0.3836393116598695
0 0.9800906094895436 0.33452855467955345 1.0 0.33395147080132875 1.0 0.39583687125852934 0.9649744419336107 0.3968743583395091 0.9604731831508003 0.33513320148459974 0.9800906094895436 0.33452855467955345
0 0.6050752881695138 0.3458824779747326 0.6358450870164178 0.3450090992589844 0.6717207913494676 0.3440013545902721 0.6757517693643432 0.40124125191825005 0.6770954287022373 0.41991811982421184 0.6104499255228802 0.42179924320867235 0.6050752881695138 0.3458824779747326
0 0.7300356066318525 0.33499883552686194 0.7603351247102251 0.3341254568111138 0.7882832389471339 0.3333192610742345 0.7929188636641514 0.3970087242972469 0.73467123134887 0.3986882987498744 0.7330588401425617 0.377189745764835 0.7304387044332804 0.3405078397272793 0.7300356066318525 0.33499883552686194
0 0.954695447996006 0.16086055633229016 0.8478745306009061 0.16388379034797437 0.8465980542295188 0.1453412883949767 0.8347738520521127 0.14567720328454747 0.8323552652435453 0.11101078659396371 0.9510003848154547 0.10765163768870872 0.954695447996006 0.16086055633229016
0 0.9589951578786992 0.22152678554439198 0.9188869266300599 0.2226017131919732 0.8617814047519586 0.2242141046657318 0.8602361965133506 0.2023124538122528 0.8506290322443946 0.20258118572295467 0.8478745306009061 0.16388379034797437 0.954695447996006 0.16086055633229016 0.9589951578786992 0.22152678554439198
0 0.3438679128030652 0.42925655377719274 0.3409118622588629 0.3872671924758263 0.33842609248319194 0.352332043869767 0.33829172654958156 0.3506524694219132 0.40869947587659344 0.3486369800797149 0.4781666636665425 0.3466886737116119 0.4783010296007496 0.3480995162535375 0.4807867993764205 0.3836393116598695 0.4837428499206229 0.4252927580716651 0.3438679128030652 0.42925655377719274
1 0.3129637480225508 0.38807338821270565 0.3105451612133867 0.3530710566325511 0.33842609248319194 0.352332043869767 0.3409118622588629 0.3872671924758263 0.3129637480225508 0.38807338821270565
1 0.874680534400038 0.3376189716693329 0.8773006701099161 0.37322595005453374 0.8453887608246384 0.3741665117491508 0.8427686251153571 0.33855953336394995 0.874680534400038 0.3376189716693329
1 0.9006803425963142 0.33687995891132244 0.9032332953390887 0.3724869372965233 0.8773006701099161 0.37322595005453374 0.874680534400038 0.3376189716693329 0.9006803425963142 0.33687995891132244
1 0.3131652969232647 0.3902904264915105 0.2825970469764779 0.3911638052024851 0.27990972830009303 0.3539444353482993 0.3105451612133867 0.3530710566325511 0.3129637480225508 0.38807338821270565 0.3131652969232647 0.3902904264915105