0 0.0858518215508489 0.2780991892639998 0.08347354448087678 0.24532733743149426 0.1281770914427379 0.2440777342248844 0.1739286927063961 0.24274751145849807 0.17707285561286146 0.2862417649933276 0.08661770738698409 0.28882159096918797 0.0858518215508489 0.2780991892639998
0 0.26789079186596726 0.11456240835776321 0.3609257660662701 0.11198258238190285 0.36350559204033756 0.14910789054545054 0.36423116809586853 0.15974967268799803 0.2712365036765279 0.1623294986638584 0.26789079186596726 0.11456240835776321
0 0.3609257660662701 0.11198258238190285 0.3601598802301349 0.10085708286923957 0.45101812626420296 0.09831756667469957 0.4544041478553679 0.14656837435091052 0.36350559204033756 0.14910789054545054 0.3609257660662701 0.11198258238190285
0 0.5835566856965537 0.11484457682414145 0.6514786664275283 0.11347404427357058 0.6528895087572698 0.1410862441572196 0.6543406608676157 0.1686984440380044 0.5995596686934682 0.16982711790065322 0.5864186801366411 0.1700689765857111 0.5835566856965537 0.11484457682414145
0 0.0829898271107615 0.004274847954176935 0.08694018563396629 0.004113608828895549 0.142204895178229 0.0018562611035979621 0.1445025526866346 0.024268499254205902 0.14095529197197856 0.02442973837948729 0.08528748461916709 0.026687086104784877 0.0829898271107615 0.004274847954176935
0 0.08651997828041581 0.0 0.14821120855969944 0.0 0.14837229164827284 0.0015740926372197182 0.142204895178229 0.0018562611035979621 0.08694018563396629 0.004113608828895549 0.08651997828041581 0.0
0 0.5995596686934682 0.16982711790065322 0.6543406608676157 0.1686984440380044 0.6681669156990114 0.1687790636006451 0.6699405460563395 0.1980036547141945 0.6715529372905343 0.2244468709510102 0.6027038315999335 0.22609957196795932 0.5995596686934682 0.16982711790065322
0 0.37072104281253654 0.2713674558608348 0.36737533100197584 0.22283447971824563 0.45916070199567016 0.22033527330502595 0.46250641380623086 0.26886824944761517 0.37072104281253654 0.2713674558608348
0 0.0 0.2805520984490419 0.0 0.2368508110271002 0.0382459703679381 0.23577391937027523 0.08270765864474158 0.23448400638234504 0.08347354448087678 0.24532733743149426 0.0858518215508489 0.2780991892639998 0.0 0.2805520984490419
0 0.27889536203787985 0.27390697205537484 0.2755496502273192 0.22537399591278565 0.36737533100197584 0.22283447971824563 0.37072104281253654 0.2713674558608348 0.27889536203787985 0.27390697205537484
0 0.6027038315999335 0.22609957196795932 0.6715529372905343 0.2244468709510102 0.6732056383053335 0.25173659258696063 0.6749389588816993 0.2809611837033742 0.6406353353791067 0.28180768909964476 0.6088712280699773 0.2825735749361388 0.6061301629720608 0.28261388471745913 0.6027038315999335 0.22609957196795932
0 0.02486312312605336 0.6784962424389287 0.054893909858816994 0.677649737039794 0.05642568153108738 0.7000216654119458 0.0 0.7015923176450667 0.0 0.6791789004452651 0.02486312312605336 0.6784962424389287
0 0.06900233315587465 0.3602102128511806 0.06956667008791448 0.3700861091600982 0.07170308847282897 0.4080176129385961 0.0 0.40962440483837614 0.0 0.3617564836245169 0.06900233315587465 0.3602102128511806
0 0.07170308847282897 0.4080176129385961 0.06956667008791448 0.3700861091600982 0.18352242054856718 0.36750628318710205 0.1861828660845592 0.4147493463417611 0.07222711562390652 0.4172888625363011 0.07170308847282897 0.4080176129385961
0 0.0 0.7231140152393131 0.0 0.7015923176450667 0.05642568153108738 0.7000216654119458 0.0580380727649243 0.7231191698392713 0.029821226170450976 0.7239253654570856 0.00011291768466953837 0.7247315610720358 0.0 0.7231140152393131
0 0.06751087126456654 0.5021812610030798 0.19263243102062294 0.49875492963094886 0.19630062107780782 0.551480122982163 0.07113875154078912 0.5549467641356143 0.06751087126456654 0.5021812610030798
0 0.005030710948104873 0.5845341432781826 0.0 0.585611897010886 0.0 0.5752027717837978 0.005030710948104873 0.5845341432781826
0 0.005030710948104873 0.5845341432781826 0.021638340658021487 0.5809868825649549 0.037883182340351644 0.6111789084216 0.05150788826729402 0.6365337605742231 0.0 0.6475610410010895 0.0 0.585611897010886 0.005030710948104873 0.5845341432781826
0 0.28478059004190376 0.34017625176983124 0.4099021497979602 0.33670961061638 0.4135703398551451 0.3894751137489145 0.2884084703184844 0.3929014451210454 0.28478059004190376 0.34017625176983124
0 0.38019384131217876 0.7147347354220214 0.35125141866217446 0.7155006212585154 0.318882664640401 0.716347126654786 0.3172702734065641 0.6923628070498696 0.3785814500779838 0.6907504158171051 0.38019384131217876 0.7147347354220214
0 0.30158976865591575 0.5733683339841991 0.42675163819293443 0.5699420026120681 0.43037951846951505 0.6226671959632822 0.3052579587134586 0.6261338371167335 0.30158976865591575 0.5733683339841991
0 0.3785814500779838 0.6907504158171051 0.3172702734065641 0.6923628070498696 0.31577881151489795 0.6699505688992616 0.3470995112348743 0.6691443732814473 0.3770899881866757 0.6683381776636329 0.3785814500779838 0.6907504158171051
0 0.293366573362882 0.4567521379877871 0.41852844289954266 0.4532854968343358 0.4221563231761233 0.5060509999640062 0.29703476342006685 0.509477331336137 0.293366573362882 0.4567521379877871
0 0.17590387196817753 0.9634057734800946 0.17163103519799053 0.9635267028240556 0.16909151900452732 0.9289812206363682 0.23931115724390745 0.926925421811944 0.2632954768491561 0.9261998457567704 0.26579468326201505 0.9605840888220405 0.26192494430037677 0.9607050181631374 0.2628117594790408 0.9731204306665949 0.17683099692780382 0.9756599468582708 0.17590387196817753 0.9634057734800946
0 0.15365287293929464 0.8513042729400061 0.21669737018743812 0.8494500230193195 0.23358716836337465 0.8489663056492037 0.23931115724390745 0.926925421811944 0.16909151900452732 0.9289812206363682 0.15937686181982744 0.9292633891027465 0.15365287293929464 0.8513042729400061
0 0.21669737018743812 0.8494500230193195 0.15365287293929464 0.8513042729400061 0.13575533024216527 0.8518283000914423 0.13309488470617323 0.8151867092980104 0.21399661487084182 0.8128084322287518 0.21669737018743812 0.8494500230193195
0 0.21399661487084182 0.8128084322287518 0.13309488470617323 0.8151867092980104 0.12926545552549726 0.7634289506870278 0.2102074954707701 0.7610909833990895 0.21399661487084182 0.8128084322287518
0 0.6752614371286815 0.9986365219444994 0.6755848456205105 1.0 0.6608065193965188 1.0 0.6752614371286815 0.9986365219444994
0 0.40837037812568977 0.9222897970145236 0.4702055819485451 0.920556476437798 0.47177766340141974 0.9422431385360964 0.4099021497979602 0.9440167688941424 0.40837037812568977 0.9222897970145236
0 0.40147740560047307 0.8254657034144031 0.45287237618309756 0.8240145513040558 0.46331260942332836 0.8237323828376775 0.4646428321911454 0.8422345722489029 0.40276731858768583 0.8440082026069489 0.40147740560047307 0.8254657034144031
0 0.40417816091742736 0.8635987560995028 0.4660536745208869 0.8618251257414568 0.4674242070696662 0.8811738205489528 0.40554869346620664 0.8829071411256784 0.40417816091742736 0.8635987560995028
0 0.40276731858768583 0.8440082026069489 0.4646428321911454 0.8422345722489029 0.4660536745208869 0.8618251257414568 0.40417816091742736 0.8635987560995028 0.40276731858768583 0.8440082026069489
0 0.4069192260149859 0.902336455495815 0.4687947396188035 0.9006031349190894 0.4702055819485451 0.920556476437798 0.40837037812568977 0.9222897970145236 0.4069192260149859 0.902336455495815
0 0.38821548770111713 0.8078100194023125 0.45162277297684705 0.8059960792658103 0.45287237618309756 0.8240145513040558 0.40147740560047307 0.8254657034144031 0.3894650909073676 0.8258284914434221 0.38821548770111713 0.8078100194023125
0 0.40554869346620664 0.8829071411256784 0.4674242070696662 0.8811738205489528 0.4687947396188035 0.9006031349190894 0.4069192260149859 0.902336455495815 0.40554869346620664 0.8829071411256784
0 0.4099021497979602 0.9440167688941424 0.47177766340141974 0.9422431385360964 0.4733094350736901 0.9641313495352682 0.41147423125119287 0.9659049798933143 0.4099021497979602 0.9440167688941424
0 0.9045434705991242 0.13076694025950653 0.9009559001035059 0.08904631707985877 0.9345339475509256 0.08787733343588963 0.9347758062359832 0.0905377789715265 0.9366300561548777 0.1121841312856404 0.9381215180465439 0.1295979566126732 0.9045434705991242 0.13076694025950653
0 0.7477787328764672 0.1275824675724335 0.749068645863322 0.12754215779111316 0.7874435572320062 0.12669565239197841 0.7878869648211592 0.13491884768681112 0.7889753289042766 0.1544287816167243 0.7493105045487376 0.15527528701585902 0.7477787328764672 0.1275824675724335
0 0.8708848035897799 0.13177468478105844 0.8675794015601815 0.09001375182009036 0.9009559001035059 0.08904631707985877 0.9045434705991242 0.13076694025950653 0.8708848035897799 0.13177468478105844
0 0.8370648974573026 0.13282273908106657 0.8337998052086665 0.09110211590141881 0.8675794015601815 0.09001375182009036 0.8708848035897799 0.13177468478105844 0.8370648974573026 0.13282273908106657
0 0.6191502221863591 0.01854451037545706 0.5822667727093409 0.01959256467546516 0.5401430517219054 0.020922787444715686 0.5385539792578511 0.0 0.618268150345102 0.0 0.6191502221863591 0.01854451037545706
0 0.8599205431988296 0.9289409108550479 0.872658433947108 0.9285781228288932 0.8723359557004838 0.9241843567136665 0.9290518173554504 0.9225316556995815 0.9328812465361264 0.9758211859835522 0.8991822697461779 0.9767886207237838 0.8634274941328814 0.977836675026656 0.8599205431988296 0.9289409108550479
0 0.8055426488332309 0.9012884011929427 0.832550202002416 0.9005628251377691 0.8554461575245472 0.8999581784236922 0.8570988585393465 0.9243455958389478 0.8071953498480301 0.9256758186053342 0.8055426488332309 0.9012884011929427
1 0.6665142146842122 0.915316204929165 0.6784056000347888 0.9149937266814664 0.7123464355097949 0.9142278408449723 0.714281304990614 0.9141069115038755 0.7149665712651827 0.9254339599202763 0.6671994809587808 0.9266029435671096 0.6665142146842122 0.915316204929165
1 0.5481646981108437 0.9190247047648099 0.5653769745334044 0.9186216069573349 0.5666668875206171 0.9403485788340894 0.5494143013170941 0.9407516766444287 0.5481646981108437 0.9190247047648099
0 0.8143301810583045 0.7759652925315823 0.8137658441266227 0.7662103255666257 0.8679018798071637 0.7648801027973752 0.8693933416984718 0.7898721669238434 0.8152573060179308 0.7911620799117737 0.8143301810583045 0.7759652925315823
0 0.8156604038264795 0.7977728839709776 0.8152573060179308 0.7911620799117737 0.8693933416984718 0.7898721669238434 0.8709251133707422 0.8148239212718557 0.8167487679092389 0.8161541440382419 0.8156604038264795 0.7977728839709776
0 0.6296307652071941 0.8475554633201766 0.7072674031228685 0.8455399742770727 0.7113386909886021 0.9031023413294449 0.6776397141986537 0.9037069880435217 0.6333795748263035 0.9048356619061705 0.6296307652071941 0.8475554633201766
0 0.7166192722799819 0.9521593446234702 0.6688521819735801 0.9533283282703036 0.6671994809587808 0.9266029435671096 0.7149665712651827 0.9254339599202763 0.7166192722799819 0.9521593446234702
0 0.8187642569516246 0.8495306425819602 0.8181999200199427 0.8411865179460306 0.8723359557004838 0.8396950560543629 0.8740692762768495 0.8646871201808312 0.8597593040753385 0.8650902179911705 0.8259393979428612 0.8660173429500817 0.8199332405963085 0.8661785820724989 0.8187642569516246 0.8495306425819602
1 0.6776397141986537 0.9037069880435217 0.7113386909886021 0.9031023413294449 0.7123464355097949 0.9142278408449723 0.6784056000347888 0.9149937266814664 0.6776397141986537 0.9037069880435217
0 0.8172324852793541 0.8233695948115227 0.8167487679092389 0.8161541440382419 0.8709251133707422 0.8148239212718557 0.8723359557004838 0.8396950560543629 0.8181999200199427 0.8411865179460306 0.8172324852793541 0.8233695948115227
0 0.8022775565845948 0.6183943591920166 0.8017938392141215 0.6109370497365422 0.8565345216076646 0.6096068269672916 0.858066293279935 0.6340345541610034 0.8033256108863919 0.635364776930254 0.8022775565845948 0.6183943591920166
0 0.8007054751313621 0.5935232244095093 0.800262067541851 0.5865093225399661 0.8550027499353943 0.5851790997735798 0.8565345216076646 0.6096068269672916 0.8017938392141215 0.6109370497365422 0.8007054751313621 0.5935232244095093
0 0.794497768880714 0.5153625593401673 0.8493996903973903 0.5138307876700434 0.8511733207547183 0.5391453300413461 0.8144108006202291 0.5401530745628981 0.796271399238042 0.5406771017143341 0.794497768880714 0.5153625593401673
0 0.7991333936781294 0.5683699211577596 0.7987302958695807 0.562041285564934 0.8534709782631239 0.5607110627956835 0.8550027499353943 0.5851790997735798 0.800262067541851 0.5865093225399661 0.7991333936781294 0.5683699211577596
0 0.7927241385230279 0.4898867778435832 0.8120325235498989 0.48936275069501123 0.8476260600397042 0.4883550061734593 0.8493996903973903 0.5138307876700434 0.794497768880714 0.5153625593401673 0.7927241385230279 0.4898867778435832
1 0.596133337321341 0.4976665655496204 0.6163285375268759 0.49718284817950464 0.61721535270554 0.5117749888456191 0.5785582728711938 0.5127021138045303 0.5776714576925298 0.4981099731384159 0.596133337321341 0.4976665655496204
0 0.6597421715015243 0.5498677317493984 0.6589359758844268 0.5373716996861643 0.7083557672056279 0.5361220964795544 0.7104115660289758 0.5681683722540222 0.6609917747077747 0.569417975460632 0.6597421715015243 0.5498677317493984
0 0.6582103998292539 0.5253190752117256 0.6570414161845699 0.5071393640481988 0.706461207505771 0.5058897608415889 0.7083557672056279 0.5361220964795544 0.6589359758844268 0.5373716996861643 0.6582103998292539 0.5253190752117256
0 0.8053410999291355 0.666564547308451 0.8048573825586622 0.6599134334679269 0.8595577551712431 0.6583816617949387 0.8612910757476089 0.68401868241394 0.8589127986776368 0.6840993019765808 0.8066310129163483 0.6855504540869282 0.8053410999291355 0.666564547308451
0 0.8037690184759029 0.6424189885782533 0.8033256108863919 0.635364776930254 0.858066293279935 0.6340345541610034 0.8595577551712431 0.6583816617949387 0.8048573825586622 0.6599134334679269 0.8037690184759029 0.6424189885782533
0 0.6142727387035279 0.6142021419833916 0.6139502604569038 0.5946922080534786 0.6608708453652459 0.5955790232310694 0.662362307256912 0.5883232626793324 0.6840489693537551 0.5900968930373784 0.7031558054761726 0.5916286647075023 0.6966256209785424 0.6360903529854277 0.6769947577050472 0.6366949996966403 0.6553080956082042 0.6373802659733578 0.6146355267311144 0.6386298691799677 0.6142727387035279 0.6142021419833916
0 0.9903629940268701 0.08646649110399841 0.9901211353418125 0.08291923039077065 1.0 0.08265025140320904 1.0 0.1267690615621119 0.978995635827371 0.1273406088873756 0.9787940869232756 0.1247204731301949 0.9720220437405878 0.12492202203393245 0.9710546090003572 0.11101514764167127 0.969401907985558 0.0870308280367549 0.9903629940268701 0.08646649110399841
0 0.965426632399424 0.0 1.0 0.0 1.0 0.018001111187391627 0.9668623917917367 0.018987917964252508 0.965426632399424 0.0
0 0.8417811418166427 0.24677848954184164 0.8898304005890644 0.24548857655677564 0.9015202370351877 0.24516609830907704 0.9026086011183051 0.26104815196312176 0.9031326282693827 0.26858608098123693 0.8433935330508375 0.270238781998186 0.8417811418166427 0.24677848954184164
0 0.6028650707234247 0.3765759838782053 0.6780831217878066 0.3743992557126842 0.6798164423645304 0.3985045046586974 0.6046387010807527 0.4007215426055388 0.6028650707234247 0.3765759838782053
0 0.8893063734379869 0.23807157687975733 0.8898304005890644 0.24548857655677564 0.8417811418166427 0.24677848954184164 0.8295672782194418 0.24710096778954022 0.8279145772046426 0.22327788730704107 0.8881776995742652 0.22162518629295613 0.8893063734379869 0.23807157687975733
0 0.7514469229336521 0.17450305247939396 0.8111457083712349 0.17252787321761043 0.8134433658796405 0.20022069266103595 0.7537042706610954 0.20219587192281946 0.7514469229336521 0.17450305247939396
0 0.5993984295703351 0.32868796422814905 0.6745761708541128 0.326511236062628 0.6763094914304786 0.35049555566754437 0.6011317501467008 0.3526722838330654 0.5993984295703351 0.32868796422814905
0 0.8877342919847542 0.21497407245243186 0.8881776995742652 0.22162518629295613 0.8279145772046426 0.22327788730704107 0.8263424957514099 0.19997883397597804 0.8866056181210326 0.1983261329618931 0.8877342919847542 0.21497407245243186
0 0.8433935330508375 0.270238781998186 0.9031326282693827 0.26858608098123693 0.9041806825711797 0.2840247270464862 0.9047450195032195 0.29220761255999855 0.8450059242846745 0.29382000379276313 0.8433935330508375 0.270238781998186
0 0.8450059242846745 0.29382000379276313 0.9047450195032195 0.29220761255999855 0.9057527640244124 0.3070819216924913 0.9063574107370564 0.3159097636985367 0.8466183155185114 0.3175221549341654 0.8450059242846745 0.29382000379276313
0 0.9394114310333986 0.16067679764977347 0.9405401048974783 0.17450305247939396 0.9415075396377088 0.18647505739119197 0.8940629275782891 0.18800682906418004 0.8919668189739789 0.16220856931989736 0.9394114310333986 0.16067679764977347
0 0.5975844894320448 0.3041393076904762 0.6419252483663195 0.3030912533904681 0.6728025404967848 0.30208350886891616 0.6745761708541128 0.326511236062628 0.5993984295703351 0.32868796422814905 0.5975844894320448 0.3041393076904762
0 0.6011317501467008 0.3526722838330654 0.6763094914304786 0.35049555566754437 0.6780831217878066 0.3743992557126842 0.6028650707234247 0.3765759838782053 0.6011317501467008 0.3526722838330654
0 0.7726095578794175 0.4238190470328643 0.8202154090623284 0.4224082047038373 0.8218278002961653 0.44445765482829047 0.7742219491132545 0.44582818737599716 0.7726095578794175 0.4238190470328643
0 0.7028333272295485 0.4492142089668077 0.6784056000347888 0.44989947524352525 0.652768579414741 0.45062505129869895 0.6506724708104308 0.421360150400965 0.6659901875331347 0.42091674281216956 0.6763498012114408 0.4206345743457913 0.7007372186252382 0.419949308071938 0.7028333272295485 0.4492142089668077
0 0.7742219491132545 0.44582818737599716 0.8218278002961653 0.44445765482829047 0.8233998817493979 0.46650710495274367 0.7757940305664872 0.46787763750045036 0.7742219491132545 0.44582818737599716
0 0.7047278869294054 0.4755768056438469 0.6803001597346456 0.47626207191770026 0.6352741345261603 0.4775519849056304 0.634185770443043 0.4623148877441187 0.6535747750314804 0.46179086059268254 0.652768579414741 0.45062505129869895 0.6784056000347888 0.44989947524352525 0.7028333272295485 0.4492142089668077 0.7047278869294054 0.4755768056438469
1 0.5223664383673048 0.8407431103572351 0.5548561217319651 0.8397756756170036 0.5556623173487045 0.8505786968848325 0.5231726339844023 0.851546131625064 0.5223664383673048 0.8407431103572351
1 0.3245260339593673 0.9673561320036616 0.3566932390770454 0.9667917950737693 0.3571769564471607 0.9777560554640153 0.3250500611104448 0.9783203923967718 0.3245260339593673 0.9673561320036616
1 0.5207540471334678 0.8190967580402571 0.5532034207171659 0.8181293233000255 0.5540096163339053 0.8289323445678544 0.5215602427502073 0.8298997793080859 0.5207540471334678 0.8190967580402571
1 0.323598908999741 0.9467578339895558 0.3557661141174191 0.9461934970596635 0.3562095217069301 0.9566337302984734 0.32408262636985624 0.9571980672312299 0.323598908999741 0.9467578339895558
1 0.5264377262330384 0.8948791460374763 0.5589274095976987 0.8939117112972448 0.5597336052144382 0.9047147325650736 0.5272439218501358 0.9056821673053053 0.5264377262330384 0.8948791460374763
1 0.5248253349992015 0.8732327937204982 0.5572747085828995 0.8722653589802667 0.558080904199639 0.8830683802480955 0.525631530616299 0.8840358149883272 0.5248253349992015 0.8732327937204982
1 0.5272439218501358 0.9056821673053053 0.5597336052144382 0.9047147325650736 0.5605398008315357 0.9155580636142229 0.5280501174672333 0.9165254983544544 0.5272439218501358 0.9056821673053053
1 0.5231726339844023 0.851546131625064 0.5556623173487045 0.8505786968848325 0.556468512965802 0.8614220279339817 0.524019139382104 0.8623894626742132 0.5231726339844023 0.851546131625064
1 0.525631530616299 0.8840358149883272 0.558080904199639 0.8830683802480955 0.5589274095976987 0.8939117112972448 0.5264377262330384 0.8948791460374763 0.525631530616299 0.8840358149883272
1 0.5215602427502073 0.8298997793080859 0.5540096163339053 0.8289323445678544 0.5548561217319651 0.8397756756170036 0.5223664383673048 0.8407431103572351 0.5215602427502073 0.8298997793080859
1 0.32408262636985624 0.9571980672312299 0.3562095217069301 0.9566337302984734 0.3566932390770454 0.9667917950737693 0.3245260339593673 0.9673561320036616 0.32408262636985624 0.9571980672312299
1 0.524019139382104 0.8623894626742132 0.556468512965802 0.8614220279339817 0.5572747085828995 0.8722653589802667 0.5248253349992015 0.8732327937204982 0.524019139382104 0.8623894626742132
1 0.5199478515163704 0.8082534269911078 0.5523972251000684 0.8072859922508763 0.5532034207171659 0.8181293233000255 0.5207540471334678 0.8190967580402571 0.5199478515163704 0.8082534269911078
1 0.596133337321341 0.4976665655496204 0.5776714576925298 0.4981099731384159 0.5623537409698259 0.4984727611645706 0.5617490942571818 0.4883146963921389 0.5955286906086968 0.4874681909930042 0.596133337321341 0.4976665655496204
1 0.5955286906086968 0.4874681909930042 0.5617490942571818 0.4883146963921389 0.5610638279826131 0.477390745780349 0.5948837341150904 0.4765442403840785 0.5955286906086968 0.4874681909930042
1 0.3243244850549139 0.8682343808969232 0.3256547078230889 0.8881877224156317 0.30844243140052824 0.8886714397857476 0.3070718988513909 0.8687180982670389 0.3243244850549139 0.8682343808969232
1 0.3412545930118127 0.8677909733081277 0.342625125560592 0.8877443148268362 0.3256547078230889 0.8881877224156317 0.3243244850549139 0.8682343808969232 0.3412545930118127 0.8677909733081277
1 0.3061850836727269 0.8572298107253568 0.27454190570612635 0.8580360063403069 0.27389694921251995 0.8479585611276518 0.30554012717912055 0.8471523655127016 0.3061850836727269 0.8572298107253568
1 0.30683004016633325 0.8673475657164681 0.2751868621997327 0.8681537613342825 0.27454190570612635 0.8580360063403069 0.3061850836727269 0.8572298107253568 0.30683004016633325 0.8673475657164681
0 0.620762613420196 0.5383391344263959 0.6199967275840608 0.5262865099519571 0.6582103998292539 0.5253190752117256 0.6589359758844268 0.5373716996861643 0.620762613420196 0.5383391344263959
0 0.6597421715015243 0.5498677317493984 0.6215688090372934 0.55083516648963 0.620762613420196 0.5383391344263959 0.6589359758844268 0.5373716996861643 0.6597421715015243 0.5498677317493984
0 0.9674267287237766 0.15974967268799803 0.9685554025874983 0.17361623730180306 0.9405401048974783 0.17450305247939396 0.9394114310333986 0.16067679764977347 0.9674267287237766 0.15974967268799803