0 0.17793188220851552 0.10808550288426783 0.28038590675381875 0.10042664338387787 0.2911351814605516 0.15759935773325986 0.3018844561666878 0.21524235292995264 0.19943043162138457 0.2229012124303426 0.17793188220851552 0.10808550288426783
0 0.15766191939889332 0.0 0.26160692396704316 0.0 0.269569449080579 0.04264928223422031 0.28038590675381875 0.10042664338387787 0.17793188220851552 0.10808550288426783 0.15766191939889332 0.0
0 0.6973700944941704 0.0 0.7977316802291726 0.0 0.8042114997911168 0.015977639933433395 0.8291363805167197 0.07738288190383878 0.7350130438689852 0.0926334179257495 0.6973700944941704 0.0
0 0.7980306668354913 0.2556865057366224 0.7813692910403537 0.2507149653575851 0.801860095949653 0.223573042214261 0.8392810085213107 0.23479259955175594 0.8619888513384635 0.20462744239273326 0.8746192491187255 0.20845687214531505 0.8821437414128418 0.1984466084083712 0.9724376489470111 0.22552134857759967 0.9422053138351454 0.26562958649469703 0.9237299979335822 0.29015137349553766 0.9199677517859274 0.2890092628643085 0.8986707512743689 0.31736047961773095 0.7787491553304756 0.28141758634278774 0.7980306668354913 0.2556865057366224
0 0.8584953370586261 0.35975293878773934 0.8589656178271575 0.3662696876616738 0.8800610694385987 0.3656650408613982 0.8802626183393126 0.36855390891935846 0.9133166380617704 0.36761334722473693 0.917011701241725 0.42062071693196473 0.9023658144543236 0.42102381480040635 0.9042469375278527 0.4483001039014688 0.9291718182534555 0.44789700603302723 0.9319935028640475 0.4482329209273732 0.933807442970473 0.47678568661262966 0.9364275786803511 0.5114521033033789 0.9276937929813543 0.5117208352140821 0.9280968907827822 0.5177673032407057 0.8900041485418791 0.5188422308930657 0.8896010507404513 0.512795762866442 0.8249710365682337 0.5145425202931732 0.8229555475604975 0.4857210226972135 0.8083768437401996 0.4861241205656551 0.8072347333024227 0.4690596441333705 0.8169762635055858 0.46879091221789365 0.815498238232888 0.4468892613643101 0.7937309569527982 0.4474939081645857 0.7911108212429201 0.4092667936367314 0.8030693893539367 0.408930878747159 0.7997774239748132 0.3613653302615057 0.8584953370586261 0.35975293878773934
0 0.6214738297820281 0.352497177155791 0.5620169040624631 0.2913606671008624 0.6080372363989104 0.273489994926921 0.6675613450861757 0.33455932200775396 0.6214738297820281 0.352497177155791
0 0.5738411062392725 0.37097249613000793 0.514316997552604 0.3099031690491749 0.5620169040624631 0.2913606671008624 0.6214738297820281 0.352497177155791 0.5738411062392725 0.37097249613000793
0 0.5260068337958029 0.3895149980783205 0.46648272510913436 0.32844567100226113 0.514316997552604 0.3099031690491749 0.5738411062392725 0.37097249613000793 0.5260068337958029 0.3895149980783205
0 0.4790459399222928 0.40778876812070347 0.4195218312350274 0.3467194410398705 0.46648272510913436 0.32844567100226113 0.5260068337958029 0.3895149980783205 0.4790459399222928 0.40778876812070347
0 0.31505231768198805 0.41732875100556294 0.37538262197210914 0.4613336016541113 0.3349384758891455 0.48357116739726724 0.2732645122611303 0.44003659760080327 0.31505231768198805 0.41732875100556294
1 0.20111000579419971 0.23868921228320694 0.2302674134353922 0.2654280375580894 0.2081642173203813 0.2750352034265917 0.1790068096791888 0.2482963781469356 0.20111000579419971 0.23868921228320694
1 0.15690361356417792 0.25790354401543786 0.18606102120537038 0.2846423692903204 0.16395782508976278 0.29424953515882263 0.13480041744916701 0.2674435269002973 0.15690361356417792 0.25790354401543786
1 0.04632045002142315 0.30587219036475916 0.07547785766261562 0.3326781986232845 0.053374661547604715 0.3422181815081439 0.024217253906412245 0.31547935623326145 0.04632045002142315 0.30587219036475916
1 0.09052684225204165 0.28665785863252824 0.11968424989323413 0.3134638668910536 0.09758105377762652 0.3230710327547822 0.06842364613643405 0.29626502450103054 0.09052684225204165 0.28665785863252824
1 0.06842364613643405 0.29626502450103054 0.09758105377762652 0.3230710327547822 0.07547785766261562 0.3326781986232845 0.04632045002142315 0.30587219036475916 0.06842364613643405 0.29626502450103054
1 0.1790068096791888 0.2482963781469356 0.2081642173203813 0.2750352034265917 0.18606102120537038 0.2846423692903204 0.15690361356417792 0.25790354401543786 0.1790068096791888 0.2482963781469356
1 0.13480041744916701 0.2674435269002973 0.16395782508976278 0.29424953515882263 0.14185462897475187 0.3038567010225513 0.1126972213335594 0.2770506927687996 0.13480041744916701 0.2674435269002973
1 0.1126972213335594 0.2770506927687996 0.14185462897475187 0.3038567010225513 0.11968424989323413 0.3134638668910536 0.09052684225204165 0.28665785863252824 0.1126972213335594 0.2770506927687996