0 0.27385736359228696 0.8106543203572567 0.2816505877542208 0.9241263703445004 0.21849859885410441 0.9258059447971279 0.184772749462998 0.9267465064869713 0.18080895441462919 0.8687675964009829 0.17697952530046746 0.8133416394833702 0.27385736359228696 0.8106543203572567
0 0.0 0.8664442535545109 0.0 0.8192017515918911 0.010768865152309326 0.8189178266626564 0.013792098663615242 0.8660802772796431 0.0 0.8664442535545109
0 0.2816505877542208 0.9241263703445004 0.3176606580208809 0.9231186256710144 0.3210869893336147 0.97263248051977 0.2219249301668382 0.9753197996411099 0.22051408786184057 0.9551649062191272 0.21849859885410441 0.9258059447971279 0.2816505877542208 0.9241263703445004
0 0.7661069621798252 0.8668864730165224 0.7614713374622111 0.8005768736462654 0.8132022219869458 0.7990988481302446 0.8178378467039633 0.8654756304745967 0.7661069621798252 0.8668864730165224
0 0.8178378467039633 0.8654756304745967 0.8132022219869458 0.7990988481302446 0.865604936180926 0.7976208226094501 0.8702405608979435 0.8639976049585759 0.8178378467039633 0.8654756304745967
0 0.6609656189575405 0.8698425240533377 0.6563299942399262 0.8034657417042119 0.708463976566089 0.80205489916706 0.7130996012837032 0.8683644985325433 0.6609656189575405 0.8698425240533377
0 0.7130996012837032 0.8683644985325433 0.708463976566089 0.80205489916706 0.7614713374622111 0.8005768736462654 0.7661069621798252 0.8668864730165224 0.7130996012837032 0.8683644985325433
0 0.974508525550269 0.8611087369006295 0.9698729008332515 0.7947319545515037 1.0 0.7938992958962334 1.0 0.8604041985473756 0.974508525550269 0.8611087369006295
0 0.8702405608979435 0.8639976049585759 0.865604936180926 0.7976208226094501 0.9181420163085167 0.7962099800722982 0.9227776410255342 0.8625195794425551 0.8702405608979435 0.8639976049585759
0 0.5550852630989067 0.8727985750853794 0.5531369570582741 0.8449176391841745 0.5509871021175242 0.814685299046427 0.5504496383818892 0.8064217927410272 0.6039944630130496 0.8049437672202328 0.6086300877306637 0.8713205495693586 0.5550852630989067 0.8727985750853794
0 0.9227776410255342 0.8625195794425551 0.9181420163085167 0.7962099800722982 0.9698729008332515 0.7947319545515037 0.974508525550269 0.8611087369006295 0.9227776410255342 0.8625195794425551
0 0.6086300877306637 0.8713205495693586 0.6039944630130496 0.8049437672202328 0.6563299942399262 0.8034657417042119 0.6609656189575405 0.8698425240533377 0.6086300877306637 0.8713205495693586
0 0.7223036677506346 0.9894954080201402 0.7743032841431869 0.9879501995204769 0.7751889040754808 1.0 0.7230829717006699 1.0 0.7223036677506346 0.9894954080201402
0 0.9303021333202471 0.9711544550037492 0.9821673837785924 0.9696764294829547 0.9843749638735634 1.0 0.9324312783504254 1.0 0.9303021333202471 0.9711544550037492
0 0.9821673837785924 0.9696764294829547 1.0 0.9691572519639007 1.0 1.0 0.9843749638735634 1.0 0.9821673837785924 0.9696764294829547
0 0.7743032841431869 0.9879501995204769 0.7738330033746554 0.9818365485150132 0.8262357175686357 0.9802913400201235 0.8276705237188877 1.0 0.7751889040754808 1.0 0.7743032841431869 0.9879501995204769
0 0.6181028860654127 0.9984979270835503 0.6182140942849944 1.0 0.5657262652158248 1.0 0.6181028860654127 0.9984979270835503
0 0.8262357175686357 0.9802913400201235 0.8783025169276949 0.9787461315252337 0.8798628674128912 1.0 0.8276705237188877 1.0 0.8262357175686357 0.9802913400201235
0 0.6694978557558232 0.996952718583887 0.6690275749872917 0.99104061651503 0.7223036677506346 0.9894954080201402 0.7230829717006699 1.0 0.6697223206443335 1.0 0.6694978557558232 0.996952718583887
0 0.8783025169276949 0.9787461315252337 0.8778322361597601 0.972699663498639 0.9303021333202471 0.9711544550037492 0.9324312783504254 1.0 0.8798628674128912 1.0 0.8783025169276949 0.9787461315252337
0 0.6181028860654127 0.9984979270835503 0.6694978557558232 0.996952718583887 0.6697223206443335 1.0 0.6182140942849944 1.0 0.6181028860654127 0.9984979270835503
0 0.054504976614396385 0.5629506801652878 0.143455224810075 0.5763872757815341 0.12545018967644658 0.6238184583092227 0.10959500948476147 0.6656734536528514 0.020577578321979314 0.6521696750577362 0.054504976614396385 0.5629506801652878
0 0.0883651919397099 0.47366450228919704 0.17738262310189537 0.48716828088431224 0.15816829456457998 0.537622697427685 0.143455224810075 0.5763872757815341 0.054504976614396385 0.5629506801652878 0.0883651919397099 0.47366450228919704
0 0.43689502715821077 0.0 0.5534532142568891 0.0 0.5552196290331138 0.022530804459525846 0.5168581549243932 0.023740098064844804 0.43899309626977184 0.0262258682543516 0.43689502715821077 0.0
0 0.6344955299927328 0.5827696586976997 0.729962525978958 0.580015156597491 0.7393009583806933 0.5797464246867892 0.7416523622227538 0.6121286201196992 0.6369141168018969 0.6151518541353833 0.6344955299927328 0.5827696586976997
0 0.09078377874827728 0.38256438400751464 0.2168862076483928 0.3793396010599974 0.21849859885410441 0.4039957540184587 0.2191704285233498 0.4148793964663294 0.09300081665672741 0.4181041794138466 0.09078377874827728 0.38256438400751464
0 0.08849955787332031 0.3458824779747326 0.21460198677283915 0.34272487800608425 0.21540818237629164 0.35569119277502204 0.2168862076483928 0.3793396010599974 0.09078377874827728 0.38256438400751464 0.08849955787332031 0.3458824779747326
0 0.23442096201289309 0.16233858185308464 0.18960992308072944 0.1635478754584036 0.10771388641123239 0.165697730753566 0.10509375070135438 0.1261941396417064 0.23180082630361176 0.1228349907364514 0.23442096201289309 0.16233858185308464
0 0.45733404623772456 0.37591326918064716 0.4838041352019355 0.375039890464899 0.5650955251692906 0.3722182053858214 0.568253124614207 0.40809391568172415 0.4604916456826409 0.4117889794765499 0.45733404623772456 0.37591326918064716
0 0.44241942758250563 0.1537391606581142 0.5570335691395394 0.14997691388441953 0.5601911685844557 0.19163036029621516 0.5323102373146504 0.19243655603309448 0.503690293409093 0.19330993474884267 0.44611449076246024 0.1950566921755654 0.44241942758250563 0.1537391606581142
0 0.23180082630361176 0.1228349907364514 0.10509375070135438 0.1261941396417064 0.10260798092568345 0.08924350169822247 0.18356345605811758 0.08709364639828644 0.22931505652734413 0.08588435279296748 0.23180082630361176 0.1228349907364514
0 0.08393111612340635 0.27379514249335635 0.2100335450229252 0.27057035954583913 0.21077255765867745 0.2816555509255428 0.21231776589788218 0.3068491677101815 0.08621533699836334 0.31000676767882984 0.08393111612340635 0.27379514249335635
0 0.6253586464923082 0.5830383906131753 0.6230072426502478 0.5505218292177538 0.7275439391703906 0.5474985952068433 0.729962525978958 0.580015156597491 0.6344955299927328 0.5827696586976997 0.6253586464923082 0.5830383906131753
0 0.08621533699836334 0.31000676767882984 0.21231776589788218 0.3068491677101815 0.21379579116998335 0.32982574621601535 0.21460198677283915 0.34272487800608425 0.08849955787332031 0.3458824779747326 0.08621533699836334 0.31000676767882984
0 0.6205886558410837 0.5175349869797976 0.7251925353283302 0.5145117529641133 0.7275439391703906 0.5474985952068433 0.6230072426502478 0.5505218292177538 0.6205886558410837 0.5175349869797976
0 0.07936267437289571 0.20130470913876683 0.20546510327241455 0.19807992619124962 0.20633848184237388 0.2116508877652337 0.20768214118086467 0.2332838067080108 0.08157971228134583 0.23644140667665914 0.07936267437289571 0.20130470913876683
0 0.6392655206439575 0.647466866594198 0.7440037660642176 0.6444436325785139 0.7464223528733817 0.6778335726896835 0.7075905979967263 0.6789756833161336 0.6416841074525248 0.680856806700594 0.6392655206439575 0.647466866594198
0 0.6369141168018969 0.6151518541353833 0.7416523622227538 0.6121286201196992 0.7440037660642176 0.6444436325785139 0.6392655206439575 0.647466866594198 0.6369141168018969 0.6151518541353833
0 0.08157971228134583 0.23644140667665914 0.20768214118086467 0.2332838067080108 0.2092273494200694 0.2580743256194363 0.2100335450229252 0.27057035954583913 0.08393111612340635 0.27379514249335635 0.08157971228134583 0.23644140667665914
0 0.2510823378080307 0.0013681663640572588 0.15554815885470197 0.004122668464265946 0.15525051617336633 0.0 0.2509826333934489 0.0 0.2510823378080307 0.0013681663640572588
0 0.25182135044437964 0.012050259875321236 0.25430712022005053 0.04685104252364277 0.21634874391275782 0.047993153154866484 0.1613258940094963 0.04953836164975622 0.15884012423382537 0.0496055446286251 0.15554815885470197 0.004122668464265946 0.2510823378080307 0.0013681663640572588 0.25182135044437964 0.012050259875321236
0 0.9982241128715882 0.6343661858675226 0.9972163683674218 0.6207280413146696 0.9937900370552847 0.5741702375027292 1.0 0.5739905279347521 1.0 0.6343128902122542 0.9982241128715882 0.6343661858675226
0 0.8813929334061044 0.6382627985941813 0.8769588575898007 0.577663752365722 0.9385656382507125 0.5758498119553568 0.9419919695634462 0.6223404327884282 0.942999714067016 0.6364488581885897 0.8813929334061044 0.6382627985941813
0 0.86580648508164 0.200028232554579 0.8621786048681922 0.1580388712532126 0.8656721191480297 0.15790450529547484 0.9511288530638708 0.15494845426343312 0.9780020398301064 0.15407507554768496 0.9816299200435541 0.19606443684905134 0.86580648508164 0.200028232554579
0 0.8191815060424541 0.6400767390045465 0.8182409445059879 0.6268416923201333 0.8147474302261506 0.5794776927713137 0.8769588575898007 0.577663752365722 0.8813929334061044 0.6382627985941813 0.8191815060424541 0.6400767390045465
0 0.9569737711857688 0.4535767918460833 0.9146485020286793 0.45498763438323525 0.9118940003851909 0.42260543894555164 0.8878424982295473 0.42347881766129986 0.8821319460418566 0.35723640126991174 0.948441534387486 0.3549521800170116 1.0 0.35317430159441515 1.0 0.4520931285350453 0.9569737711857688 0.4535767918460833
1 0.1726798154177743 0.9270824213765421 0.17469530442551048 0.9564413828033151 0.14486606711507263 0.9572475785401944 0.14285057810793314 0.9278886171134213 0.1726798154177743 0.9270824213765421
1 0.14285057810793314 0.9278886171134213 0.14486606711507263 0.9572475785401944 0.11496964683812791 0.9580537742770737 0.11295415783039173 0.9286948128550743 0.14285057810793314 0.9278886171134213
1 0.11295415783039173 0.9286948128550743 0.11496964683812791 0.9580537742770737 0.08668561776689478 0.958859970013953 0.0846701287591586 0.9295010085919536 0.11295415783039173 0.9286948128550743