0 0.32932693986335615 0.7531499565706351 0.39857914336253053 0.7509329186237936 0.3997481270072149 0.7653235103890348 0.4004333932817838 0.7738691839287019 0.3311811897826094 0.7760862218755433 0.32932693986335615 0.7531499565706351
0 0.38938851332890495 0.9223301067958439 0.3954349804564221 0.922088248110786 0.4460640652029295 0.9202743079714197 0.4485229618348271 0.947402790484953 0.3918071001798402 0.9494182795251926 0.38938851332890495 0.9223301067958439
0 0.3330354397015047 0.7990627969589078 0.40228764320067906 0.796805449230746 0.40297290947524794 0.8052705032106365 0.4041822029005365 0.8199432634393918 0.3348896896207579 0.8221603013862332 0.3330354397015047 0.7990627969589078
0 0.43151223431635566 0.9983543534781212 0.4316742073990654 1.0 0.38898356534207656 1.0 0.43151223431635566 0.9983543534781212
0 0.39337918163307345 0.8993132219311593 0.44400826637958085 0.8974992817917928 0.4460640652029295 0.9202743079714197 0.3954349804564221 0.922088248110786 0.39337918163307345 0.8993132219311593
0 0.3329145103589758 0.8222006111675536 0.3348896896207579 0.8221603013862332 0.4041822029005365 0.8199432634393918 0.4063186212854518 0.8464670992388482 0.4085356592322916 0.8737568208719344 0.3372679666907309 0.8760544783814165 0.3329145103589758 0.8222006111675536
0 0.37556225849750424 0.9715483492122865 0.42869054965687153 0.9694925503907265 0.43151223431635566 0.9983543534781212 0.38898356534207656 1.0 0.3783438444684021 1.0 0.37556225849750424 0.9715483492122865
0 0.3311811897826094 0.7760862218755433 0.4004333932817838 0.7738691839287019 0.40168299648803474 0.7895899984603294 0.40228764320067906 0.796805449230746 0.3330354397015047 0.7990627969589078 0.3311811897826094 0.7760862218755433
0 0.1310028180852324 0.6722482264058796 0.10568827571179969 0.6730141122423736 0.1046402214096442 0.6587041400426373 0.10351154754592215 0.643507352662446 0.15426156163531646 0.6420158907707783 0.18449389727218626 0.6410887658090028 0.18796053842527702 0.6875659431300319 0.1577282027884072 0.6884527583076229 0.13229273107244563 0.6892186441441169 0.1310028180852324 0.6722482264058796
0 0.12797958452165284 0.34533590371868783 0.20263329865437976 0.3612985769353732 0.18320398428497306 0.3963680862744967 0.10879212883730385 0.3805666521802285 0.12797958452165284 0.34533590371868783
0 0.09432091751229654 0.5593808400292971 0.15817161037756036 0.5715140840635123 0.1821156202022133 0.5760690893011562 0.1729249901685877 0.5953371645460115 0.08513028747867094 0.5786086054928321 0.09432091751229654 0.5593808400292971