0 0.0001233137391272369 0.23476183222403166 0.0009966923090865777 0.2458470236085089 0.0 0.24588077166132596 0.0 0.23332142256258875 0.0001233137391272369 0.23476183222403166
0 0.15921257939459696 0.5198863912115667 0.2562247836200269 0.47843449373637764 0.30775411924345103 0.5266046890220766 0.2700644748045725 0.5426614207855674 0.2765140396280155 0.5487078888121623 0.2665037775576316 0.5529404164283918 0.2527312693401895 0.5588525185020224 0.24668480231757767 0.5532091483438674 0.21114501281944903 0.56839250139161 0.15921257939459696 0.5198863912115667
0 0.1284427805470962 0.9676609401407564 0.19193068428213364 0.9655782678196894 0.2458786067147219 0.9638315103881929 0.2488311359880438 1.0 0.13108270336207048 1.0 0.1284427805470962 0.9676609401407564
0 0.310777352754757 0.8869070004855409 0.30721665550841276 0.8390727200894127 0.37923679604113625 0.8369900477683456 0.3794383449424469 0.8400132817840298 0.38279749328807716 0.8848243281644738 0.310777352754757 0.8869070004855409
0 0.4798768804806106 0.8822713749960981 0.47678646400220115 0.8346386435365766 0.5488737875020282 0.8328247031262113 0.5519642039804377 0.8803902516116375 0.4798768804806106 0.8822713749960981
0 0.6217673066053078 0.8697753410744689 0.6192815368290401 0.8309435797417508 0.6187440730940018 0.8226128904574822 0.6894205542888312 0.8207989500518906 0.692510970766644 0.8679614006641035 0.6217673066053078 0.8697753410744689
0 1.0 0.8113161058680207 1.0 0.9249681414349736 0.9684985988541044 0.9258059447971279 0.9347727494629979 0.9267465064869713 0.9308089544146292 0.8687675964009829 0.9269795253004675 0.8133416394833702 1.0 0.8113161058680207
0 0.692510970766644 0.8679614006641035 0.6894205542888312 0.8207989500518906 0.7607688651523093 0.8189178266626564 0.7637920986636152 0.8660802772796431 0.692510970766644 0.8679614006641035
0 0.1676104502586726 0.8838837664698567 0.1640497530123284 0.8357807541630267 0.23660735728068688 0.8336308988630906 0.23714482101572518 0.8411553924104799 0.2401680545270311 0.8817339111699206 0.1676104502586726 0.8838837664698567
0 0.6223719533074495 0.8785763112012723 0.5519642039804377 0.8803902516116375 0.5488737875020282 0.8328247031262113 0.6192815368290401 0.8309435797417508 0.6217673066053078 0.8697753410744689 0.6223719533074495 0.8785763112012723
0 0.2407055182626661 0.888989672806608 0.2401680545270311 0.8817339111699206 0.23714482101572518 0.8411553924104799 0.30721665550841276 0.8390727200894127 0.310777352754757 0.8869070004855409 0.2407055182626661 0.888989672806608
0 1.0 0.9249681414349736 1.0 0.9745589575152409 0.9719249301668382 0.9753197996411099 0.9705140878618406 0.9551649062191272 0.9684985988541044 0.9258059447971279 1.0 0.9249681414349736
0 0.08101160590505453 0.6656734536528514 0.03176649115599063 0.6197874796248262 0.11272196628902148 0.5851882459083376 0.21174965952218758 0.677497657795339 0.13079418438915671 0.7120968915118275 0.08101160590505453 0.6656734536528514
0 0.0 0.5901474289862395 0.0 0.4984438859984995 0.013492724155141437 0.49267728508950326 0.11272196628902148 0.5851882459083376 0.03176649115599063 0.6197874796248262 0.0 0.5901474289862395
0 0.48847630024540023 0.6564022026787393 0.43573767121709567 0.6074929946350299 0.516222865581595 0.572893760923315 0.6164598522190449 0.665875002589458 0.536041840821649 0.7004742363011729 0.48847630024540023 0.6564022026787393
0 0.38810494767434006 0.5633537780337275 0.3365084290832156 0.5155194976375993 0.41692644048061145 0.48092026392588444 0.516222865581595 0.572893760923315 0.43573767121709567 0.6074929946350299 0.38810494767434006 0.5633537780337275
0 0.8045049766143963 0.5629506801652878 0.893455224810075 0.5763872757815341 0.8754501896764466 0.6238184583092227 0.8595950094847614 0.6656734536528514 0.7705775783219793 0.6521696750577362 0.8045049766143963 0.5629506801652878
0 0.8383651919397099 0.47366450228919704 0.9273826231018953 0.48716828088431224 0.9081682945645799 0.537622697427685 0.893455224810075 0.5763872757815341 0.8045049766143963 0.5629506801652878 0.8383651919397099 0.47366450228919704
1 0.6397051587712359 0.3814894563599334 0.6094056406928633 0.38236283507568164 0.6067183220158817 0.3458152949958637 0.637017840094851 0.3449419162848892 0.6397051587712359 0.3814894563599334
0 0.18158450737682866 0.33593939722147903 0.21047318315080032 0.33513320148459974 0.21497444193361073 0.3968743583395091 0.1551816013791246 0.3986211157710055 0.15323329533908867 0.3724869372965233 0.15068034259631422 0.33687995891132244 0.18158450737682866 0.33593939722147903
0 0.5799123182167497 0.32236843564749496 0.6049715648765597 0.32162942288948454 0.6067183220158817 0.3458152949958637 0.6094056406928633 0.38236283507568164 0.6096743725606808 0.38599071589163847 0.5578091221017388 0.38753592438652823 0.5531063144176178 0.32317463138437424 0.5799123182167497 0.32236843564749496
0 0.3259607032777934 0.35186176302723216 0.35458064718335086 0.3510555672903528 0.3831334081224015 0.35018218857460465 0.387769032839419 0.41360291988214154 0.33059632799481087 0.415282494334769 0.3289839367890993 0.3935152094390278 0.3264309840463248 0.3582441459433977 0.3259607032777934 0.35186176302723216
0 0.4067146295095136 0.3495103587906895 0.43882808769490844 0.348569797100846 0.4400373810997888 0.3650968097068718 0.44285906570978406 0.40352547317115023 0.44346371241252264 0.4119905284083829 0.387769032839419 0.41360291988214154 0.3831334081224015 0.35018218857460465 0.4067146295095136 0.3495103587906895
0 0.530600020501179 0.3237792781846469 0.5531063144176178 0.32317463138437424 0.5578091221017388 0.38753592438652823 0.4973444518780073 0.3892826818180246 0.49546332880447824 0.36348441823311317 0.49270882716098985 0.3249213888158706 0.530600020501179 0.3237792781846469
0 0.05816939715369469 0.3327146142691882 0.09229834434682571 0.33170686960047585 0.09276862511535715 0.33855953336394995 0.09538876082463847 0.3741665117491508 0.0969339690638432 0.39546351580235717 0.04291886366415141 0.3970087242972469 0.03828323894713391 0.3333192610742345 0.05816939715369469 0.3327146142691882
0 0.2300906094895436 0.33452855467955345 0.267175607226877 0.33345362703197223 0.2691239132675096 0.3599237203960252 0.2716768660102841 0.39519478389165524 0.21497444193361073 0.3968743583395091 0.21047318315080032 0.33513320148459974 0.2300906094895436 0.33452855467955345
0 0.010335124710225123 0.3341254568111138 0.03828323894713391 0.3333192610742345 0.04291886366415141 0.3970087242972469 0.0 0.39824629265992106 0.0 0.3344233651143132 0.010335124710225123 0.3341254568111138
0 0.204695447996006 0.16086055633229016 0.09787453060090609 0.16388379034797437 0.09659805422951886 0.1453412883949767 0.08477385205211269 0.14567720328454747 0.08235526524354532 0.11101078659396371 0.20100038481545468 0.10765163768870872 0.204695447996006 0.16086055633229016
0 0.20899515787869916 0.22152678554439198 0.16888692663005986 0.2226017131919732 0.11178140475195858 0.2242141046657318 0.11023619651335055 0.2023124538122528 0.10062903224439451 0.20258118572295467 0.09787453060090609 0.16388379034797437 0.204695447996006 0.16086055633229016 0.20899515787869916 0.22152678554439198
0 0.8407837787482773 0.38256438400751464 0.9668862076483928 0.3793396010599974 0.9684985988541044 0.4039957540184587 0.9691704285233498 0.4148793964663294 0.8430008166567274 0.4181041794138466 0.8407837787482773 0.38256438400751464
0 0.315480160438878 0.1317031438468974 0.28296360445205526 0.13257652255787195 0.2812168473121366 0.10684544195182942 0.4082598377487183 0.1034191100724792 0.4113502542271278 0.14943945005824213 0.3168238197773688 0.1519924032266178 0.315480160438878 0.1317031438468974
0 0.8384995578733203 0.3458824779747326 0.9646019867728391 0.34272487800608425 0.9654081823762917 0.35569119277502204 0.9668862076483928 0.3793396010599974 0.8407837787482773 0.38256438400751464 0.8384995578733203 0.3458824779747326
0 0.9844209620128931 0.16233858185308464 0.9396099230807294 0.1635478754584036 0.8577138864112324 0.165697730753566 0.8550937507013544 0.1261941396417064 0.9818008263036118 0.1228349907364514 0.9844209620128931 0.16233858185308464
0 0.5291219952290778 0.18209037740662762 0.6237156126459403 0.17953742423825195 0.6268060291237532 0.22213143234466465 0.5694989583449379 0.22381100679729216 0.5320780457732802 0.22475156849190922 0.5291219952290778 0.18209037740662762
0 0.9818008263036118 0.1228349907364514 0.8550937507013544 0.1261941396417064 0.8526079809256835 0.08924350169822247 0.9335634560581176 0.08709364639828644 0.9793150565273441 0.08588435279296748 0.9818008263036118 0.1228349907364514
0 0.8339311161234063 0.27379514249335635 0.9600335450229251 0.27057035954583913 0.9607725576586774 0.2816555509255428 0.9623177658978822 0.3068491677101815 0.8362153369983634 0.31000676767882984 0.8339311161234063 0.27379514249335635
0 0.5232770771077766 0.09696954417744474 0.6262685653887148 0.09414785909836718 0.6274778587929986 0.1118841653097119 0.6291574329658136 0.1362715863526977 0.5261659446848754 0.13909327143177527 0.5232770771077766 0.09696954417744474
0 0.8362153369983634 0.31000676767882984 0.9623177658978822 0.3068491677101815 0.9637957911699834 0.32982574621601535 0.9646019867728391 0.34272487800608425 0.8384995578733203 0.3458824779747326 0.8362153369983634 0.31000676767882984
0 0.8293626743728957 0.20130470913876683 0.9554651032724145 0.19807992619124962 0.9563384818423739 0.2116508877652337 0.9576821411808647 0.2332838067080108 0.8315797122813459 0.23644140667665914 0.8293626743728957 0.20130470913876683
0 0.5261659446848754 0.13909327143177527 0.6291574329658136 0.1362715863526977 0.6305682752708113 0.15709830955859552 0.6321134835100161 0.17926869232755005 0.6237156126459403 0.17953742423825195 0.5291219952290778 0.18209037740662762 0.5261659446848754 0.13909327143177527
0 0.3168238197773688 0.1519924032266178 0.4113502542271278 0.14943945005824213 0.4145078536720441 0.19673626662819288 0.3200486021893887 0.19928921979656858 0.3168238197773688 0.1519924032266178
0 0.8315797122813459 0.23644140667665914 0.9576821411808647 0.2332838067080108 0.9592273494200694 0.2580743256194363 0.9600335450229251 0.27057035954583913 0.8339311161234063 0.27379514249335635 0.8315797122813459 0.23644140667665914
0 0.905548158854702 0.004122668464265946 0.9052505161733664 0.0 1.0 0.0 1.0 0.0013993730133123204 0.905548158854702 0.004122668464265946
0 0.9663487439127578 0.047993153154866484 0.9113258940094963 0.04953836164975622 0.9088401242338253 0.0496055446286251 0.905548158854702 0.004122668464265946 1.0 0.0013993730133123204 1.0 0.04698063731164681 0.9663487439127578 0.047993153154866484
1 0.29834850387580564 0.35911752465914587 0.30090145661858014 0.3943214051759071 0.2716768660102841 0.39519478389165524 0.2691239132675096 0.3599237203960252 0.29834850387580564 0.35911752465914587
1 0.49546332880447824 0.36348441823311317 0.4973444518780073 0.3892826818180246 0.4982850134150702 0.4019130816973916 0.47342731565657087 0.402652094455402 0.4706056310459789 0.3642234309911236 0.49546332880447824 0.36348441823311317
1 0.3264309840463248 0.3582441459433977 0.3289839367890993 0.3935152094390278 0.30090145661858014 0.3943214051759071 0.29834850387580564 0.35911752465914587 0.3264309840463248 0.3582441459433977
1 0.12468053440003804 0.3376189716693329 0.12730067010991608 0.37322595005453374 0.09538876082463847 0.3741665117491508 0.09276862511535715 0.33855953336394995 0.12468053440003804 0.3376189716693329
1 0.4706056310459789 0.3642234309911236 0.47342731565657087 0.402652094455402 0.44285906570978406 0.40352547317115023 0.4400373810997888 0.3650968097068718 0.4706056310459789 0.3642234309911236
1 0.15068034259631422 0.33687995891132244 0.15323329533908867 0.3724869372965233 0.12730067010991608 0.37322595005453374 0.12468053440003804 0.3376189716693329 0.15068034259631422 0.33687995891132244
1 0.9226798154177743 0.9270824213765421 0.9246953044255105 0.9564413828033151 0.8948660671150727 0.9572475785401944 0.8928505781079331 0.9278886171134213 0.9226798154177743 0.9270824213765421
1 0.8928505781079331 0.9278886171134213 0.8948660671150727 0.9572475785401944 0.8649696468381279 0.9580537742770737 0.8629541578303918 0.9286948128550743 0.8928505781079331 0.9278886171134213
1 0.8629541578303918 0.9286948128550743 0.8649696468381279 0.9580537742770737 0.8366856177668948 0.958859970013953 0.8346701287591586 0.9295010085919536 0.8629541578303918 0.9286948128550743